USDCHF__50,USDCHF_50,USDCHF__30,USDCHF_30,USDCHF__20,USDCHF_20,USDCHF__15,USDCHF_15,USDCHF__10,USDCHF_10,GBPUSD__50,GBPUSD_50,GBPUSD__30,GBPUSD_30,GBPUSD__20,GBPUSD_20,GBPUSD__15,GBPUSD_15,GBPUSD__10,GBPUSD_10,EURUSD__50,EURUSD_50,EURUSD__30,EURUSD_30,EURUSD__20,EURUSD_20,EURUSD__15,EURUSD_15,EURUSD__10,EURUSD_10,USDJPY__50,USDJPY_50,USDJPY__30,USDJPY_30,USDJPY__20,USDJPY_20,USDJPY__15,USDJPY_15,USDJPY__10,USDJPY_10,USDCAD__50,USDCAD_50,USDCAD__30,USDCAD_30,USDCAD__20,USDCAD_20,USDCAD__15,USDCAD_15,USDCAD__10,USDCAD_10,AUDUSD__50,AUDUSD_50,AUDUSD__30,AUDUSD_30,AUDUSD__20,AUDUSD_20,AUDUSD__15,AUDUSD_15,AUDUSD__10,AUDUSD_10,NZDUSD__50,NZDUSD_50,NZDUSD__30,NZDUSD_30,NZDUSD__20,NZDUSD_20,NZDUSD__15,NZDUSD_15,NZDUSD__10,NZDUSD_10,GBPCHF__50,GBPCHF_50,GBPCHF__30,GBPCHF_30,GBPCHF__20,GBPCHF_20,GBPCHF__15,GBPCHF_15,GBPCHF__10,GBPCHF_10,EURCHF__50,EURCHF_50,EURCHF__30,EURCHF_30,EURCHF__20,EURCHF_20,EURCHF__15,EURCHF_15,EURCHF__10,EURCHF_10,CHFJPY__50,CHFJPY_50,CHFJPY__30,CHFJPY_30,CHFJPY__20,CHFJPY_20,CHFJPY__15,CHFJPY_15,CHFJPY__10,CHFJPY_10,CADCHF__50,CADCHF_50,CADCHF__30,CADCHF_30,CADCHF__20,CADCHF_20,CADCHF__15,CADCHF_15,CADCHF__10,CADCHF_10,AUDCHF__50,AUDCHF_50,AUDCHF__30,AUDCHF_30,AUDCHF__20,AUDCHF_20,AUDCHF__15,AUDCHF_15,AUDCHF__10,AUDCHF_10,NZDCHF__50,NZDCHF_50,NZDCHF__30,NZDCHF_30,NZDCHF__20,NZDCHF_20,NZDCHF__15,NZDCHF_15,NZDCHF__10,NZDCHF_10,EURGBP__50,EURGBP_50,EURGBP__30,EURGBP_30,EURGBP__20,EURGBP_20,EURGBP__15,EURGBP_15,EURGBP__10,EURGBP_10,GBPJPY__50,GBPJPY_50,GBPJPY__30,GBPJPY_30,GBPJPY__20,GBPJPY_20,GBPJPY__15,GBPJPY_15,GBPJPY__10,GBPJPY_10,GBPCAD__50,GBPCAD_50,GBPCAD__30,GBPCAD_30,GBPCAD__20,GBPCAD_20,GBPCAD__15,GBPCAD_15,GBPCAD__10,GBPCAD_10,GBPAUD__50,GBPAUD_50,GBPAUD__30,GBPAUD_30,GBPAUD__20,GBPAUD_20,GBPAUD__15,GBPAUD_15,GBPAUD__10,GBPAUD_10,EURJPY__50,EURJPY_50,EURJPY__30,EURJPY_30,EURJPY__20,EURJPY_20,EURJPY__15,EURJPY_15,EURJPY__10,EURJPY_10,EURCAD__50,EURCAD_50,EURCAD__30,EURCAD_30,EURCAD__20,EURCAD_20,EURCAD__15,EURCAD_15,EURCAD__10,EURCAD_10,EURAUD__50,EURAUD_50,EURAUD__30,EURAUD_30,EURAUD__20,EURAUD_20,EURAUD__15,EURAUD_15,EURAUD__10,EURAUD_10,EURNZD__50,EURNZD_50,EURNZD__30,EURNZD_30,EURNZD__20,EURNZD_20,EURNZD__15,EURNZD_15,EURNZD__10,EURNZD_10,CADJPY__50,CADJPY_50,CADJPY__30,CADJPY_30,CADJPY__20,CADJPY_20,CADJPY__15,CADJPY_15,CADJPY__10,CADJPY_10,AUDJPY__50,AUDJPY_50,AUDJPY__30,AUDJPY_30,AUDJPY__20,AUDJPY_20,AUDJPY__15,AUDJPY_15,AUDJPY__10,AUDJPY_10,NZDJPY__50,NZDJPY_50,NZDJPY__30,NZDJPY_30,NZDJPY__20,NZDJPY_20,NZDJPY__15,NZDJPY_15,NZDJPY__10,NZDJPY_10,AUDCAD__50,AUDCAD_50,AUDCAD__30,AUDCAD_30,AUDCAD__20,AUDCAD_20,AUDCAD__15,AUDCAD_15,AUDCAD__10,AUDCAD_10,NZDCAD__50,NZDCAD_50,NZDCAD__30,NZDCAD_30,NZDCAD__20,NZDCAD_20,NZDCAD__15,NZDCAD_15,NZDCAD__10,NZDCAD_10,AUDNZD__50,AUDNZD_50,AUDNZD__30,AUDNZD_30,AUDNZD__20,AUDNZD_20,AUDNZD__15,AUDNZD_15,AUDNZD__10,AUDNZD_10
EURGBP,0.41575,CHFJPY,0.5083,CHFJPY,0.69752,CHFJPY,0.87287,CHFJPY,0.80178,CHFJPY,0.3398,CHFJPY,0.43444,AUDJPY,0.49237,AUDJPY,0.72222,EURUSD,0.80178,USDJPY,0.2809,CHFJPY,0.59093,CHFJPY,0.69752,CHFJPY,0.75593,AUDNZD,0.76376,AUDNZD,0.35897,CHFJPY,0.4842,EURUSD,0.50252,CHFJPY,0.73214,CHFJPY,0.80178,GBPAUD,0.40291,NZDUSD,0.27217,EURAUD,0.55277,EURAUD,0.61237,EURAUD,0.65465,GBPAUD,0.2987,GBPAUD,0.42426,GBPAUD,0.40825,GBPAUD,0.49099,AUDNZD,0.52381,NZDUSD,0.36,NZDUSD,0.53452,NZDUSD,0.66667,NZDUSD,0.66667,NZDUSD,0.53452,EURGBP,0.28843,EURGBP,0.39747,EURGBP,0.31449,NZDJPY,0.33929,EURGBP,0.40825,EURGBP,0.27891,EURGBP,0.29579,EURCAD,0.30151,USDCAD,0.53452,USDCAD,0.65465,EURCHF,0.33227,EURUSD,0.3862,GBPAUD,0.5334,GBPAUD,0.49099,GBPAUD,0.58333,EURUSD,0.23775,EURUSD,0.39551,EURUSD,0.59596,EURUSD,0.44444,EURUSD,0.65465,EURGBP,0.20602,EURGBP,0.3862,EURUSD,0.50252,GBPUSD,0.49099,GBPUSD,0.58333,CADJPY,0.26108,EURUSD,0.39551,EURUSD,0.61616,GBPCAD,0.66144,GBPUSD,0.58333,GBPJPY,0.26952,EURUSD,0.3862,EURUSD,0.5334,NZDUSD,0.49099,EURUSD,0.65465,GBPUSD,0.23775,EURUSD,0.43939,EURUSD,0.61616,EURUSD,0.49099,EURUSD,0.65465,EURCHF,0.28365,AUDJPY,0.35747,NZDJPY,0.49237,NZDJPY,0.6001,GBPAUD,0.66667,USDJPY,0.40291,NZDJPY,0.47246,USDJPY,0.49237,GBPAUD,0.6001,NZDJPY,0.65465,USDCHF,0.2987,EURUSD,0.30208,USDCHF,0.30151,NZDCAD,0.33929,EURNZD,0.58333,NZDCHF,0.24982,EURCHF,0.33634,AUDCAD,0.41414,CHFJPY,0.32733,CHFJPY,0.40825,AUDNZD,0.23775,EURGBP,0.33887,EURUSD,0.49237,EURCAD,0.47246,EURCAD,0.40825,GBPAUD,0.32233,EURJPY,0.40825,EURUSD,0.5334,GBPCAD,0.66144,GBPUSD,0.58333,USDCHF,0.37987,EURUSD,0.47087,EURUSD,0.79798,EURUSD,0.72222,EURUSD,0.80178,USDCHF,0.24175,EURUSD,0.45701,EURUSD,0.59596,GBPUSD,0.66667,GBPUSD,0.66667,CADJPY,0.23684,EURUSD,0.41349,EURUSD,0.81818,GBPUSD,0.87287,GBPUSD,0.8165,AUDNZD,0.48038,EURCHF,0.62896,EURCHF,0.79798,EURCHF,0.73214,EURCHF,0.8165,GBPCHF,0.24175,GBPCHF,0.39551,AUDCAD,0.61616,AUDCAD,0.73214,NZDCAD,0.66667,NZDUSD,0.24019,GBPUSD,0.33929,EURJPY,0.4,EURJPY,0.46429,CHFJPY,0.66667
CHFJPY,0.33561,EURGBP,0.33887,AUDJPY,0.5334,AUDJPY,0.66667,EURAUD,0.65465,CADJPY,0.33092,NZDUSD,0.40089,GBPJPY,0.45833,GBPJPY,0.66667,EURGBP,0.66667,GBPCAD,0.2809,USDJPY,0.39551,EURAUD,0.5334,AUDJPY,0.57735,CHFJPY,0.61237,CHFJPY,0.32,AUDNZD,0.33634,CHFJPY,0.50252,AUDJPY,0.49099,EURAUD,0.65465,EURAUD,0.32026,EURJPY,0.25,AUDCHF,0.5,AUDCAD,0.53452,NZDCHF,0.53452,GBPCAD,0.24175,AUDNZD,0.2018,AUDNZD,0.30151,AUDNZD,0.46429,EURUSD,0.42857,EURGBP,0.28843,EURGBP,0.29579,EURGBP,0.38516,NZDCAD,0.49099,AUDNZD,0.52381,GBPJPY,0.2809,AUDJPY,0.27866,EURUSD,0.30151,AUDUSD,0.33929,CHFJPY,0.40825,USDCHF,0.26948,NZDJPY,0.20536,EURJPY,0.30151,EURCAD,0.46429,EURCAD,0.6,CADCHF,0.25732,EURCAD,0.34586,USDCHF,0.41414,USDCHF,0.33929,NZDJPY,0.40825,NZDJPY,0.23775,USDCHF,0.32733,USDCHF,0.39394,NZDUSD,0.44444,USDCHF,0.40825,NZDUSD,0.2,EURUSD,0.32127,GBPAUD,0.40825,GBPCAD,0.47246,EURUSD,0.53452,EURUSD,0.23684,GBPCAD,0.39551,GBPCAD,0.5334,GBPUSD,0.6001,EURUSD,0.53452,EURGBP,0.23599,AUDUSD,0.34586,NZDUSD,0.45833,EURUSD,0.49099,USDCHF,0.40825,EURCHF,0.21627,USDCHF,0.38889,USDCHF,0.41414,USDJPY,0.46429,USDCHF,0.40825,CADJPY,0.28365,CADJPY,0.33634,CADCHF,0.40825,CADJPY,0.49099,EURGBP,0.58333,EURJPY,0.35065,USDJPY,0.47246,NZDJPY,0.49237,NZDCAD,0.46429,CADJPY,0.65465,GBPUSD,0.19678,AUDUSD,0.27217,EURUSD,0.30151,USDJPY,0.33929,AUDCHF,0.58333,EURNZD,0.24019,EURNZD,0.26726,EURUSD,0.39394,AUDCAD,0.32733,AUDCHF,0.40825,GBPCHF,0.20064,EURUSD,0.24716,CADCHF,0.40825,CADCHF,0.47246,EURCHF,0.40825,NZDCAD,0.24175,GBPUSD,0.40089,GBPUSD,0.49237,GBPUSD,0.6001,EURUSD,0.53452,EURUSD,0.36775,USDCHF,0.40825,USDCHF,0.59596,GBPUSD,0.66667,GBPUSD,0.66667,GBPUSD,0.24019,USDCHF,0.38446,EURCAD,0.50252,EURCAD,0.6001,AUDCHF,0.58333,EURUSD,0.19872,CADJPY,0.40089,USDCHF,0.61616,EURUSD,0.76376,EURUSD,0.65465,GBPCHF,0.36,GBPCHF,0.53035,GBPCHF,0.61616,GBPCHF,0.60714,EURNZD,0.66667,EURCHF,0.18286,EURCHF,0.35747,NZDCAD,0.41414,GBPCHF,0.60714,AUDCAD,0.58333,AUDNZD,0.20192,EURGBP,0.25882,CHFJPY,0.30151,CHFJPY,0.33929,EURJPY,0.58333
GBPAUD,0.26449,NZDJPY,0.32733,EURAUD,0.5334,EURAUD,0.66667,AUDJPY,0.53452,AUDJPY,0.24019,USDJPY,0.33929,CADJPY,0.40825,CADJPY,0.6001,GBPJPY,0.66667,USDCHF,0.25223,AUDJPY,0.35747,AUDJPY,0.5334,EURAUD,0.57735,EURAUD,0.5,GBPAUD,0.2871,AUDJPY,0.33634,EURGBP,0.31449,EURAUD,0.49099,AUDJPY,0.53452,GBPCAD,0.28,AUDCHF,0.24716,AUDNZD,0.45227,AUDCHF,0.53452,AUDCAD,0.53452,EURCAD,0.17138,AUDCAD,0.2018,AUDCAD,0.30151,AUDCAD,0.33929,GBPCAD,0.42857,GBPCAD,0.2,GBPCAD,0.27866,NZDCAD,0.32824,EURGBP,0.38889,EURUSD,0.42857,AUDJPY,0.28,CADCHF,0.20536,NZDJPY,0.30151,EURJPY,0.33929,EURJPY,0.40825,CHFJPY,0.21914,GBPCHF,0.19643,EURGBP,0.24232,AUDCAD,0.33929,EURGBP,0.40825,GBPCAD,0.20602,USDCHF,0.33887,EURUSD,0.41414,EURCAD,0.33929,CADJPY,0.40825,EURGBP,0.22653,EURGBP,0.29579,NZDUSD,0.28721,GBPUSD,0.38889,GBPCHF,0.40825,CHFJPY,0.12361,AUDCAD,0.32127,GBPCAD,0.40825,EURCAD,0.46429,GBPCAD,0.53452,AUDCAD,0.23684,GBPUSD,0.33929,USDCHF,0.41414,EURUSD,0.49099,GBPCAD,0.53452,EURAUD,0.15505,NZDUSD,0.34586,AUDUSD,0.40825,USDJPY,0.46429,GBPCHF,0.40825,USDCHF,0.17138,EURGBP,0.36711,NZDJPY,0.39394,NZDJPY,0.46429,GBPCHF,0.40825,USDJPY,0.28,CHFJPY,0.31175,CADJPY,0.40825,CADCHF,0.49099,GBPJPY,0.58333,GBPAUD,0.26948,EURJPY,0.43301,CADJPY,0.40825,USDJPY,0.46429,EURCHF,0.65465,EURCHF,0.18286,USDCHF,0.25,USDJPY,0.30151,AUDCAD,0.33929,NZDCHF,0.58333,GBPAUD,0.20646,GBPCHF,0.26726,EURNZD,0.32824,AUDCHF,0.32733,EURNZD,0.40825,GBPCAD,0.20064,AUDCAD,0.24716,EURCAD,0.40825,GBPCAD,0.4,CADCHF,0.40825,EURJPY,0.24175,EURUSD,0.33634,GBPCAD,0.45833,EURUSD,0.49099,GBPCAD,0.53452,CADCHF,0.2871,EURGBP,0.34586,EURGBP,0.45303,USDCHF,0.6001,USDCHF,0.58333,AUDNZD,0.24019,EURCAD,0.33634,GBPUSD,0.41414,EURUSD,0.44444,NZDCHF,0.58333,USDCHF,0.19678,USDCHF,0.3546,GBPUSD,0.59596,USDCHF,0.60714,USDCHF,0.40825,EURCHF,0.28365,EURAUD,0.35747,AUDCHF,0.50252,AUDCHF,0.46429,GBPCHF,0.66667,EURGBP,0.13613,GBPUSD,0.27866,GBPCHF,0.41414,AUDUSD,0.46429,GBPCHF,0.58333,GBPUSD,0.20192,USDCAD,0.21822,GBPUSD,0.30151,CADCHF,0.33929,EURCAD,0.40825
CADJPY,0.26108,EURJPY,0.30556,CADJPY,0.40825,CADJPY,0.49099,EURJPY,0.53452,USDJPY,0.24019,CADJPY,0.26726,NZDUSD,0.375,USDJPY,0.49099,NZDUSD,0.58333,GBPUSD,0.23775,EURAUD,0.35747,AUDNZD,0.49237,AUDNZD,0.47246,NZDUSD,0.40825,USDJPY,0.24019,EURAUD,0.33634,EURCHF,0.30151,GBPAUD,0.49099,EURJPY,0.53452,AUDCHF,0.28,EURUSD,0.24716,AUDCAD,0.45227,AUDNZD,0.46771,GBPCHF,0.53452,GBPJPY,0.17138,EURAUD,0.2018,CADCHF,0.2,NZDUSD,0.21822,GBPAUD,0.35635,USDCAD,0.2,CADJPY,0.26726,GBPUSD,0.28721,CADCHF,0.32733,GBPCAD,0.42857,NZDJPY,0.24019,NZDJPY,0.19643,EURNZD,0.20412,EURGBP,0.21822,GBPAUD,0.40825,NZDCAD,0.21753,EURJPY,0.19094,NZDJPY,0.21212,NZDJPY,0.33929,GBPJPY,0.40825,AUDJPY,0.20602,CADCHF,0.29579,EURCAD,0.30151,CADCHF,0.33929,AUDNZD,0.35635,GBPJPY,0.20773,EURCHF,0.26068,EURGBP,0.24232,USDCHF,0.32733,GBPAUD,0.40825,NZDCHF,0.12157,EURJPY,0.24716,EURCAD,0.4,AUDNZD,0.33929,EURCAD,0.40825,USDCHF,0.22531,GBPAUD,0.33072,GBPUSD,0.39394,EURCHF,0.46429,EURCAD,0.40825,CADCHF,0.15505,USDCHF,0.33887,USDCHF,0.32824,AUDUSD,0.46429,GBPAUD,0.40825,EURUSD,0.16386,AUDUSD,0.27217,USDJPY,0.39394,AUDUSD,0.46429,GBPAUD,0.40825,CHFJPY,0.20602,CADCHF,0.27866,GBPAUD,0.375,EURGBP,0.44444,NZDJPY,0.40825,GBPJPY,0.23282,CADJPY,0.42426,EURJPY,0.40825,NZDJPY,0.46429,EURGBP,0.53452,AUDUSD,0.17138,AUDCAD,0.24716,NZDCAD,0.30151,AUDUSD,0.33929,NZDJPY,0.40825,NZDJPY,0.20192,EURGBP,0.20751,AUDCHF,0.30151,CADCHF,0.21822,NZDCAD,0.40825,EURGBP,0.14385,GBPCAD,0.24716,EURGBP,0.38516,EURJPY,0.37796,EURUSD,0.35635,AUDCAD,0.24019,AUDCAD,0.33634,EURJPY,0.40825,EURCHF,0.46429,EURCAD,0.40825,GBPUSD,0.27743,EURCHF,0.33634,USDJPY,0.41414,USDJPY,0.49099,USDJPY,0.58333,GBPCAD,0.2,GBPCAD,0.32127,USDCHF,0.39394,USDCHF,0.32733,EURNZD,0.58333,GBPCAD,0.16013,GBPUSD,0.33036,USDJPY,0.39394,USDJPY,0.46429,AUDCHF,0.40825,GBPJPY,0.20064,AUDCHF,0.35747,NZDCHF,0.41414,GBPCAD,0.37796,AUDCHF,0.66667,EURUSD,0.12581,AUDCAD,0.22172,GBPUSD,0.39394,EURCHF,0.46429,EURNZD,0.58333,USDJPY,0.16013,EURJPY,0.21822,GBPAUD,0.20412,EURCAD,0.33929,CADCHF,0.40825
EURJPY,0.22531,AUDJPY,0.30208,EURJPY,0.40825,AUDCHF,0.49099,AUDNZD,0.52381,EURJPY,0.20646,AUDUSD,0.26726,USDJPY,0.32824,NZDJPY,0.49099,AUDJPY,0.58333,NZDCAD,0.23282,AUDCHF,0.35747,AUDCHF,0.40825,CADJPY,0.37796,AUDJPY,0.40825,AUDJPY,0.24019,EURCHF,0.33634,AUDJPY,0.30151,AUDNZD,0.46429,AUDNZD,0.52381,NZDCHF,0.20261,EURAUD,0.24716,GBPCHF,0.45227,GBPCHF,0.46771,EURNZD,0.53452,USDJPY,0.16116,AUDCHF,0.2018,EURJPY,0.2,AUDJPY,0.21822,AUDCAD,0.35635,GBPCHF,0.2,GBPAUD,0.23623,CHFJPY,0.28721,CHFJPY,0.32733,NZDCAD,0.35635,EURCHF,0.20261,GBPJPY,0.19094,GBPJPY,0.20412,GBPJPY,0.21822,AUDUSD,0.40825,GBPUSD,0.20646,NZDCAD,0.14382,EURAUD,0.21212,EURJPY,0.33929,NZDCAD,0.40825,USDCHF,0.1959,GBPCHF,0.25882,CADCHF,0.30151,NZDUSD,0.32733,USDCAD,0.35635,EURNZD,0.20064,CHFJPY,0.25882,GBPUSD,0.21212,NZDCAD,0.32733,GBPJPY,0.40825,USDJPY,0.12,USDCHF,0.24716,EURGBP,0.31449,EURCHF,0.33929,EURCHF,0.40825,EURJPY,0.22531,USDCHF,0.32733,GBPAUD,0.32824,EURJPY,0.46429,EURCHF,0.40825,AUDUSD,0.14385,EURGBP,0.2823,CHFJPY,0.32824,USDCHF,0.33929,GBPJPY,0.40825,NZDJPY,0.16386,NZDUSD,0.27217,EURGBP,0.38982,USDCHF,0.33929,GBPJPY,0.40825,NZDCHF,0.20261,USDJPY,0.26068,GBPJPY,0.375,GBPAUD,0.44444,CADJPY,0.40825,CADJPY,0.22531,AUDJPY,0.33296,GBPAUD,0.375,USDCHF,0.33929,GBPJPY,0.53452,GBPJPY,0.17138,GBPUSD,0.19094,NZDUSD,0.20412,AUDCHF,0.33929,CADJPY,0.40825,USDCAD,0.16013,CHFJPY,0.20751,GBPAUD,0.28721,EURCAD,0.21822,AUDCAD,0.40825,NZDUSD,0.12039,GBPCHF,0.19094,GBPAUD,0.375,EURCHF,0.37796,GBPCAD,0.35635,CADJPY,0.20261,GBPCAD,0.33634,USDCHF,0.32824,EURJPY,0.46429,EURCHF,0.40825,EURNZD,0.24175,GBPCHF,0.26726,GBPUSD,0.41414,AUDUSD,0.49099,AUDUSD,0.58333,NZDUSD,0.2,GBPUSD,0.27866,CADCHF,0.30151,CADCHF,0.32733,EURCHF,0.40825,AUDUSD,0.15743,GBPCAD,0.27866,GBPCAD,0.32824,AUDUSD,0.46429,USDJPY,0.40825,AUDUSD,0.20064,CADJPY,0.33634,USDCHF,0.39394,NZDCAD,0.33929,NZDCHF,0.66667,AUDNZD,0.11613,CADJPY,0.2018,EURCHF,0.39394,AUDCHF,0.46429,AUDCHF,0.58333,EURGBP,0.15505,USDJPY,0.20536,NZDUSD,0.20412,GBPAUD,0.21822,GBPUSD,0.25
GBPCAD,0.20261,AUDCHF,0.30208,AUDCHF,0.40825,EURJPY,0.49099,GBPCAD,0.42857,GBPUSD,0.20192,AUDJPY,0.26068,NZDJPY,0.32824,CHFJPY,0.49099,USDCHF,0.58333,NZDUSD,0.20064,CADJPY,0.33634,CADJPY,0.40825,AUDCHF,0.37796,EURJPY,0.40825,CADJPY,0.23684,CADJPY,0.33333,EURAUD,0.30151,AUDCAD,0.33929,GBPCAD,0.42857,AUDUSD,0.20064,GBPCAD,0.24716,NZDCHF,0.45227,EURNZD,0.46771,AUDCHF,0.53452,GBPCHF,0.16116,GBPCAD,0.2018,USDCAD,0.11547,EURAUD,0.21822,GBPUSD,0.35635,GBPAUD,0.16116,GBPJPY,0.21822,AUDNZD,0.28721,EURCHF,0.32733,GBPUSD,0.35635,NZDCAD,0.16116,EURUSD,0.14382,EURJPY,0.2,EURAUD,0.21822,GBPJPY,0.40825,EURUSD,0.19678,AUDNZD,0.14382,GBPCHF,0.19192,EURGBP,0.21822,AUDCAD,0.40825,GBPAUD,0.1959,EURCHF,0.24661,EURNZD,0.28721,GBPUSD,0.32733,AUDCHF,0.25,NZDCHF,0.19025,GBPJPY,0.21822,USDJPY,0.21212,CHFJPY,0.32733,GBPUSD,0.40825,GBPCAD,0.12,GBPAUD,0.23783,GBPUSD,0.30151,EURJPY,0.33929,AUDNZD,0.35635,GBPAUD,0.22531,EURJPY,0.32733,EURCAD,0.30151,USDCHF,0.33929,AUDNZD,0.35635,GBPAUD,0.13613,EURJPY,0.19767,AUDNZD,0.32824,CHFJPY,0.33929,GBPUSD,0.40825,NZDCHF,0.13497,EURCAD,0.27217,AUDUSD,0.30151,CADCHF,0.33929,GBPUSD,0.40825,GBPJPY,0.20064,NZDJPY,0.26068,AUDCAD,0.32824,GBPJPY,0.44444,EURCHF,0.40825,AUDNZD,0.19678,GBPJPY,0.28868,GBPJPY,0.375,EURCHF,0.33929,EURNZD,0.53452,AUDJPY,0.16116,USDJPY,0.19094,GBPAUD,0.20412,NZDUSD,0.21822,EURAUD,0.40825,NZDUSD,0.16013,EURUSD,0.2018,NZDCHF,0.21212,EURJPY,0.21822,NZDCHF,0.40825,USDJPY,0.12039,CADCHF,0.19094,GBPCAD,0.375,EURGBP,0.28868,EURGBP,0.25,NZDCHF,0.20261,CADJPY,0.33333,GBPCHF,0.32824,USDCHF,0.33929,AUDNZD,0.35635,EURCHF,0.18286,CADCHF,0.26726,EURNZD,0.32824,USDCAD,0.40825,NZDUSD,0.58333,EURUSD,0.16013,CADCHF,0.26068,GBPAUD,0.28721,GBPCAD,0.28868,EURCAD,0.40825,GBPUSD,0.12179,AUDUSD,0.26726,EURCAD,0.30151,GBPCAD,0.37796,EURNZD,0.40825,USDJPY,0.2,AUDUSD,0.33634,EURAUD,0.39394,EURNZD,0.33929,GBPUSD,0.58333,CHFJPY,0.11289,AUDUSD,0.2018,EURNZD,0.32824,GBPCAD,0.37796,NZDCHF,0.58333,EURJPY,0.12581,CADCHF,0.20536,EURNZD,0.20412,GBPUSD,0.21822,USDCHF,0.16667
USDJPY,0.20261,NZDCHF,0.30208,AUDNZD,0.28721,GBPAUD,0.38889,AUDUSD,0.35635,NZDJPY,0.19872,EURUSD,0.26068,CHFJPY,0.32824,EURUSD,0.44444,USDJPY,0.58333,CADJPY,0.19025,GBPAUD,0.33296,EURJPY,0.40825,EURJPY,0.37796,USDCHF,0.40825,EURCHF,0.23684,GBPAUD,0.28284,USDCHF,0.30151,AUDUSD,0.33929,AUDUSD,0.35635,USDCAD,0.2,GBPCHF,0.21822,EURNZD,0.40825,NZDCHF,0.46771,EURUSD,0.52381,EURJPY,0.13636,CADJPY,0.2,EURGBP,0.10483,EURGBP,0.21822,EURJPY,0.35635,USDCHF,0.16116,GBPCHF,0.20536,GBPAUD,0.25,AUDNZD,0.32733,CHFJPY,0.35635,AUDCAD,0.16013,AUDCAD,0.14382,AUDUSD,0.2,GBPAUD,0.21822,GBPCAD,0.21822,EURAUD,0.19678,EURCAD,0.13363,AUDCAD,0.19192,EURAUD,0.21822,EURJPY,0.40825,EURUSD,0.17485,GBPAUD,0.24456,NZDUSD,0.28721,GBPJPY,0.21822,NZDCAD,0.25,GBPAUD,0.15198,GBPCHF,0.20536,GBPCHF,0.21212,USDJPY,0.21822,CHFJPY,0.40825,GBPCHF,0.12,AUDNZD,0.22172,AUDCAD,0.30151,EURUSD,0.32733,AUDCHF,0.25,GBPCAD,0.20261,CADJPY,0.26726,EURJPY,0.30151,NZDCAD,0.33929,AUDCHF,0.25,GBPCAD,0.12361,GBPAUD,0.19565,GBPUSD,0.28721,AUDNZD,0.33929,CHFJPY,0.40825,AUDUSD,0.12721,CADCHF,0.21822,CADJPY,0.30151,CADJPY,0.33929,CHFJPY,0.40825,AUDJPY,0.2,GBPJPY,0.24716,AUDJPY,0.32824,AUDJPY,0.38889,CADCHF,0.40825,EURCHF,0.18286,GBPAUD,0.25,USDCHF,0.32824,CADJPY,0.33929,GBPCHF,0.53452,USDJPY,0.16116,NZDCAD,0.16477,AUDCHF,0.2,EURAUD,0.21822,GBPAUD,0.25,AUDUSD,0.15743,AUDCAD,0.2018,GBPCHF,0.21212,NZDCHF,0.21822,GBPCHF,0.40825,AUDCHF,0.12039,EURJPY,0.16667,AUDCAD,0.32824,GBPUSD,0.28868,GBPJPY,0.25,EURCHF,0.20261,GBPAUD,0.28284,AUDCAD,0.28721,NZDCAD,0.33929,AUDCHF,0.25,GBPCAD,0.16116,EURNZD,0.26726,AUDUSD,0.30151,EURGBP,0.38889,USDCAD,0.53452,EURCHF,0.12157,EURGBP,0.24661,GBPCAD,0.28721,EURJPY,0.21822,NZDJPY,0.40825,AUDNZD,0.11859,GBPJPY,0.21822,AUDUSD,0.30151,EURCAD,0.33929,AUDUSD,0.40825,AUDCHF,0.2,AUDNZD,0.32127,EURNZD,0.32824,NZDCHF,0.33929,NZDCAD,0.58333,EURCAD,0.09054,NZDUSD,0.2018,NZDUSD,0.32824,AUDNZD,0.33929,EURCAD,0.40825,USDCHF,0.11613,CHFJPY,0.15714,CADCHF,0.2,USDCHF,0.19643,NZDCAD,0.16667
AUDUSD,0.19025,EURAUD,0.30208,EURUSD,0.28721,AUDNZD,0.32733,AUDCAD,0.35635,GBPJPY,0.16386,EURJPY,0.21822,USDCHF,0.28721,NZDUSD,0.44444,AUDNZD,0.53452,CHFJPY,0.18684,AUDNZD,0.32127,GBPJPY,0.375,NZDUSD,0.28868,USDJPY,0.40825,AUDCAD,0.20192,NZDJPY,0.26726,AUDNZD,0.30151,CADJPY,0.33929,AUDCAD,0.35635,EURNZD,0.2,CHFJPY,0.19767,GBPAUD,0.35722,GBPAUD,0.27217,AUDNZD,0.42857,AUDCAD,0.12581,GBPJPY,0.13608,GBPCHF,0.1005,EURJPY,0.19643,NZDJPY,0.21822,EURAUD,0.16013,NZDJPY,0.20536,GBPCAD,0.25,GBPCAD,0.28868,CADCHF,0.21822,NZDCHF,0.12157,EURAUD,0.14382,CADJPY,0.2,USDCAD,0.20045,AUDNZD,0.21822,CADCHF,0.19678,EURAUD,0.12585,NZDCAD,0.19192,GBPAUD,0.21822,GBPAUD,0.40825,NZDJPY,0.15505,AUDCAD,0.17216,EURAUD,0.21212,EURUSD,0.21822,EURNZD,0.25,NZDUSD,0.12039,EURNZD,0.19643,AUDCAD,0.21212,AUDUSD,0.21822,EURGBP,0.40825,EURJPY,0.08058,EURCAD,0.2018,USDCHF,0.30151,GBPAUD,0.32733,AUDJPY,0.25,GBPUSD,0.16871,AUDCAD,0.26068,NZDCAD,0.21212,EURCAD,0.33929,AUDJPY,0.25,AUDCHF,0.12361,NZDCAD,0.17216,EURAUD,0.28721,GBPUSD,0.32733,EURGBP,0.40825,USDJPY,0.12039,USDJPY,0.19094,CADCHF,0.30151,EURCAD,0.33929,EURGBP,0.40825,GBPAUD,0.16116,AUDCHF,0.22172,CHFJPY,0.28721,AUDCAD,0.32733,GBPCAD,0.35635,AUDJPY,0.16116,CHFJPY,0.19565,AUDJPY,0.32824,EURJPY,0.33929,AUDCHF,0.53452,GBPCAD,0.16116,GBPCAD,0.16477,AUDUSD,0.2,GBPUSD,0.21822,AUDJPY,0.25,GBPJPY,0.15743,EURAUD,0.2018,USDCHF,0.19192,EURNZD,0.21822,GBPCAD,0.21822,NZDCHF,0.10895,USDCHF,0.16667,USDCHF,0.28721,EURUSD,0.28868,NZDCAD,0.25,EURNZD,0.2,USDCHF,0.27217,EURCHF,0.28721,EURCAD,0.33929,AUDJPY,0.25,NZDUSD,0.16116,NZDCHF,0.2018,EURCAD,0.30151,CADCHF,0.32733,AUDCAD,0.25,NZDCHF,0.12157,GBPAUD,0.23783,EURGBP,0.24232,AUDCHF,0.21822,CADJPY,0.40825,NZDCAD,0.11613,USDCAD,0.19094,EURGBP,0.17911,NZDUSD,0.21822,NZDUSD,0.40825,EURJPY,0.16116,USDCHF,0.30208,GBPJPY,0.32824,EURCAD,0.33929,GBPCAD,0.53452,GBPCAD,0.08058,AUDNZD,0.18552,GBPCAD,0.32824,NZDCAD,0.33929,CADJPY,0.40825,NZDCHF,0.0876,NZDUSD,0.13363,EURCAD,0.2,NZDJPY,0.19643,AUDCAD,0.16667
NZDJPY,0.16871,GBPAUD,0.28868,NZDJPY,0.28721,NZDJPY,0.32733,AUDCHF,0.35635,NZDUSD,0.16013,GBPJPY,0.21822,EURUSD,0.28721,EURAUD,0.44444,CADCHF,0.40825,CADCHF,0.16386,NZDJPY,0.26068,GBPCHF,0.28721,GBPJPY,0.28868,GBPCAD,0.32733,EURAUD,0.20192,USDJPY,0.26726,GBPAUD,0.20412,EURJPY,0.33929,AUDCHF,0.35635,AUDNZD,0.16013,USDCHF,0.16667,AUDJPY,0.30151,EURUSD,0.27217,USDCAD,0.42857,EURAUD,0.12581,EURJPY,0.13608,EURCHF,0.1005,CADCHF,0.19643,CADJPY,0.21822,AUDCAD,0.16013,CADCHF,0.19643,EURNZD,0.25,GBPCHF,0.21822,EURAUD,0.21822,AUDUSD,0.12039,EURCHF,0.14382,CADCHF,0.2,CADJPY,0.19643,EURUSD,0.21822,EURJPY,0.18831,EURUSD,0.12585,EURUSD,0.19192,GBPJPY,0.21822,GBPCAD,0.21822,GBPUSD,0.15505,AUDJPY,0.17216,EURCHF,0.21212,EURAUD,0.21822,GBPJPY,0.25,GBPCHF,0.12039,NZDCAD,0.14382,NZDCAD,0.19192,GBPCHF,0.21822,AUDUSD,0.40825,GBPAUD,0.08058,EURAUD,0.18552,AUDNZD,0.30151,EURGBP,0.21822,EURNZD,0.25,EURGBP,0.1653,USDCAD,0.21822,GBPCHF,0.21212,GBPCHF,0.33929,EURNZD,0.25,EURNZD,0.12361,AUDCHF,0.17216,USDJPY,0.28721,GBPAUD,0.32733,AUDUSD,0.40825,USDCAD,0.12039,GBPCHF,0.19094,EURCAD,0.30151,AUDNZD,0.33929,AUDUSD,0.40825,EURJPY,0.16116,NZDCHF,0.22172,USDJPY,0.28721,USDJPY,0.32733,GBPUSD,0.25,NZDUSD,0.16116,EURCHF,0.19026,EURCHF,0.32824,AUDNZD,0.33929,NZDCHF,0.53452,NZDCHF,0.14368,AUDNZD,0.16477,EURCAD,0.2,USDCHF,0.19643,NZDUSD,0.25,CADJPY,0.15573,AUDCHF,0.2018,CHFJPY,0.19192,GBPCHF,0.21822,AUDNZD,0.21822,EURUSD,0.07711,EURCHF,0.16477,EURNZD,0.25,GBPAUD,0.28868,AUDCAD,0.25,GBPCAD,0.2,USDCAD,0.27217,NZDUSD,0.25,GBPCHF,0.33929,EURNZD,0.25,GBPAUD,0.13636,AUDUSD,0.2,CADCHF,0.30151,EURCAD,0.32733,GBPJPY,0.25,GBPJPY,0.12039,AUDUSD,0.2018,USDJPY,0.21212,EURCHF,0.21822,EURAUD,0.40825,GBPCHF,0.08006,CHFJPY,0.15714,USDCAD,0.17408,GBPJPY,0.21822,NZDCHF,0.40825,USDCHF,0.16116,USDJPY,0.26068,CADJPY,0.30151,GBPUSD,0.32733,EURAUD,0.40825,USDJPY,0.08058,GBPCAD,0.18552,AUDUSD,0.30151,EURNZD,0.33929,NZDJPY,0.40825,EURCHF,0.0876,EURCAD,0.13363,USDCAD,0.11547,EURNZD,0.19643,AUDJPY,0.16667
EURAUD,0.16871,CADJPY,0.27217,NZDCHF,0.28721,EURNZD,0.32733,NZDCHF,0.35635,GBPCAD,0.16013,GBPUSD,0.20536,EURAUD,0.28721,EURGBP,0.38889,NZDJPY,0.40825,EURAUD,0.16386,EURJPY,0.24716,NZDJPY,0.28721,GBPAUD,0.28868,EURUSD,0.32733,EURGBP,0.17485,EURGBP,0.20751,NZDUSD,0.20412,AUDCHF,0.33929,NZDCHF,0.35635,EURUSD,0.16013,USDCAD,0.16667,USDCHF,0.30151,AUDJPY,0.27217,NZDCAD,0.35635,CADCHF,0.11613,USDJPY,0.13363,NZDCAD,0.1005,EURCHF,0.19643,EURCHF,0.21822,GBPUSD,0.16013,EURNZD,0.19643,CADCHF,0.20412,NZDCHF,0.21822,CADJPY,0.21822,NZDUSD,0.12,AUDCHF,0.14382,EURCAD,0.2,EURCAD,0.19643,USDCAD,0.21822,EURCAD,0.17138,AUDCHF,0.12585,USDCAD,0.17408,NZDCAD,0.19643,AUDNZD,0.21822,GBPJPY,0.14385,NZDJPY,0.15714,GBPUSD,0.19192,USDCAD,0.20045,NZDCHF,0.25,GBPCAD,0.12039,AUDCHF,0.12585,EURCHF,0.19192,EURJPY,0.21822,USDJPY,0.40825,USDCHF,0.08058,GBPCAD,0.18552,EURNZD,0.20412,USDCAD,0.20045,NZDCHF,0.25,EURAUD,0.15573,GBPCHF,0.19643,AUDCAD,0.19192,NZDUSD,0.21822,NZDCHF,0.25,NZDUSD,0.12361,NZDCHF,0.17216,USDCAD,0.2357,EURAUD,0.32733,USDJPY,0.40825,AUDJPY,0.12039,GBPUSD,0.19094,GBPJPY,0.28721,EURGBP,0.32733,USDJPY,0.40825,NZDJPY,0.16013,NZDUSD,0.2018,NZDCHF,0.28721,AUDUSD,0.32733,AUDCAD,0.25,GBPCHF,0.16116,NZDCHF,0.19026,NZDCHF,0.28721,EURGBP,0.32733,GBPCAD,0.42857,AUDNZD,0.12581,GBPAUD,0.14434,CADCHF,0.2,NZDCHF,0.19643,EURJPY,0.25,CHFJPY,0.15505,NZDCHF,0.2018,EURAUD,0.19192,NZDUSD,0.16667,USDCAD,0.21822,NZDJPY,0.07711,NZDCAD,0.16477,EURJPY,0.20412,NZDCAD,0.18898,EURJPY,0.25,NZDJPY,0.16013,GBPJPY,0.27217,GBPAUD,0.25,NZDUSD,0.21822,NZDCHF,0.25,EURGBP,0.13613,EURCAD,0.2,USDCAD,0.29013,GBPCHF,0.21822,EURGBP,0.25,AUDUSD,0.12039,CADJPY,0.2018,NZDUSD,0.12309,CADJPY,0.21822,EURUSD,0.35635,AUDJPY,0.08006,NZDCAD,0.14382,GBPJPY,0.12309,USDCAD,0.20045,GBPCAD,0.21822,AUDCAD,0.16013,NZDJPY,0.26068,AUDUSD,0.30151,EURAUD,0.32733,NZDJPY,0.40825,AUDJPY,0.08058,EURGBP,0.17216,EURCAD,0.30151,EURCAD,0.33929,EURCHF,0.40825,EURNZD,0.08006,NZDCAD,0.12585,EURGBP,0.10483,EURCHF,0.19643,EURNZD,0.16667
AUDNZD,0.15573,EURNZD,0.21822,GBPAUD,0.25,NZDCHF,0.32733,EURNZD,0.35635,EURGBP,0.15505,NZDJPY,0.20536,EURJPY,0.20412,EURCAD,0.32733,EURCAD,0.40825,AUDNZD,0.15743,GBPCAD,0.22172,USDJPY,0.28721,NZDJPY,0.18898,USDCAD,0.21822,AUDCHF,0.16013,AUDCAD,0.2018,CADJPY,0.2,EURUSD,0.32733,EURNZD,0.35635,AUDCAD,0.16013,AUDNZD,0.16477,EURUSD,0.30151,NZDUSD,0.27217,AUDJPY,0.35635,EURGBP,0.11289,NZDJPY,0.13363,EURUSD,0.1005,USDCHF,0.19643,CADCHF,0.21822,CADJPY,0.12157,GBPUSD,0.19643,EURUSD,0.12309,NZDJPY,0.21822,EURCHF,0.21822,AUDCHF,0.12,CADJPY,0.13363,USDCAD,0.11547,AUDNZD,0.19643,NZDJPY,0.2,AUDCHF,0.16116,AUDJPY,0.12585,EURNZD,0.12309,CADJPY,0.19643,EURUSD,0.21822,NZDCAD,0.13613,EURNZD,0.15714,NZDCAD,0.19192,NZDCAD,0.19643,USDCHF,0.25,EURAUD,0.07711,EURAUD,0.12585,CHFJPY,0.19192,GBPJPY,0.11111,NZDUSD,0.40825,CADCHF,0.08006,GBPUSD,0.14382,EURJPY,0.2,USDCHF,0.19643,USDCHF,0.25,EURCHF,0.14943,GBPJPY,0.19094,AUDNZD,0.19192,GBPAUD,0.21822,USDCHF,0.25,EURUSD,0.09237,EURAUD,0.17216,EURJPY,0.20412,USDCAD,0.20045,NZDUSD,0.40825,EURCAD,0.11433,USDCAD,0.16667,EURNZD,0.28721,GBPUSD,0.32733,NZDUSD,0.40825,GBPUSD,0.16013,EURCAD,0.2018,EURGBP,0.25678,EURNZD,0.32733,AUDJPY,0.25,USDCHF,0.13636,NZDCAD,0.19026,NZDCAD,0.28721,GBPJPY,0.32733,NZDCAD,0.35635,EURUSD,0.12581,EURCAD,0.13608,USDCAD,0.11547,EURNZD,0.19643,GBPUSD,0.25,NZDCAD,0.12581,AUDUSD,0.2,EURCHF,0.19192,GBPJPY,0.16667,EURUSD,0.21822,EURJPY,0.07114,GBPAUD,0.14434,GBPUSD,0.12309,AUDCAD,0.18898,GBPAUD,0.25,EURAUD,0.16013,GBPCHF,0.26726,GBPJPY,0.25,GBPAUD,0.21822,USDCHF,0.25,CHFJPY,0.11289,GBPJPY,0.13608,NZDJPY,0.21212,NZDCAD,0.21822,GBPCHF,0.25,EURCAD,0.12039,NZDJPY,0.12585,EURNZD,0.12309,AUDUSD,0.21822,GBPCAD,0.35635,USDJPY,0.08006,AUDNZD,0.14382,NZDUSD,0.12309,CADJPY,0.19643,AUDNZD,0.21822,EURUSD,0.16013,EURJPY,0.24716,EURJPY,0.30151,GBPJPY,0.21822,EURCAD,0.40825,EURNZD,0.08058,USDCAD,0.16477,AUDCHF,0.30151,NZDCHF,0.33929,EURAUD,0.40825,USDCAD,0.08006,GBPAUD,0.09449,NZDCAD,0.1005,NZDCHF,0.19643,GBPAUD,0.16667
EURUSD,0.15573,USDJPY,0.19094,USDCAD,0.2357,AUDCAD,0.21822,GBPAUD,0.35635,EURAUD,0.11859,USDCHF,0.19094,AUDUSD,0.20412,EURJPY,0.32733,EURAUD,0.40825,EURGBP,0.14385,NZDCHF,0.22172,NZDCHF,0.28721,GBPCHF,0.18898,NZDCAD,0.10206,NZDUSD,0.16013,EURUSD,0.2018,EURCAD,0.2,GBPUSD,0.21822,GBPAUD,0.35635,NZDJPY,0.16013,GBPAUD,0.14434,EURCHF,0.30151,USDCAD,0.25,EURJPY,0.35635,CADJPY,0.10123,GBPCHF,0.13363,NZDJPY,0.1005,CHFJPY,0.19643,EURAUD,0.21822,AUDUSD,0.12039,USDCAD,0.19094,NZDJPY,0.12309,EURNZD,0.21822,NZDJPY,0.21822,EURJPY,0.08058,EURCAD,0.13363,NZDCAD,0.1005,CADCHF,0.19643,CADJPY,0.2,GBPCAD,0.16116,GBPCAD,0.12585,GBPJPY,0.12309,GBPCHF,0.19643,CADCHF,0.2,USDCAD,0.12361,EURGBP,0.13876,AUDCAD,0.19192,CADJPY,0.19643,CHFJPY,0.25,AUDNZD,0.07711,NZDCHF,0.12585,GBPJPY,0.12309,AUDJPY,0.11111,AUDNZD,0.21822,EURUSD,0.08006,GBPCHF,0.12585,CADCHF,0.2,CADCHF,0.19643,GBPCHF,0.25,EURCAD,0.13497,EURGBP,0.15714,EURCHF,0.19192,GBPJPY,0.21822,GBPCHF,0.25,CADJPY,0.08515,NZDJPY,0.15714,AUDCHF,0.20412,EURJPY,0.19643,AUDNZD,0.21822,GBPJPY,0.11433,GBPJPY,0.16667,AUDJPY,0.21212,GBPJPY,0.32733,AUDNZD,0.21822,AUDUSD,0.12039,AUDCAD,0.18552,NZDUSD,0.25,CHFJPY,0.32733,EURJPY,0.25,NZDJPY,0.12581,GBPCHF,0.18898,GBPCHF,0.28721,EURUSD,0.21822,AUDJPY,0.35635,NZDJPY,0.11613,CADJPY,0.13608,EURGBP,0.10483,EURCAD,0.19643,USDCHF,0.16667,GBPUSD,0.12179,GBPAUD,0.14142,AUDUSD,0.1005,GBPAUD,0.16667,EURCAD,0.2,GBPAUD,0.07114,CADJPY,0.13608,USDJPY,0.12309,USDCHF,0.18898,GBPUSD,0.25,EURUSD,0.16013,CHFJPY,0.20751,EURCAD,0.20412,GBPJPY,0.21822,GBPCHF,0.25,CADJPY,0.10123,EURJPY,0.13608,NZDCHF,0.21212,NZDCHF,0.21822,AUDJPY,0.16667,GBPCHF,0.12,EURNZD,0.12585,EURJPY,0.1005,AUDCAD,0.21822,GBPAUD,0.25,EURNZD,0.08006,NZDUSD,0.13363,GBPAUD,0.12309,AUDCAD,0.19643,USDCAD,0.21822,CADCHF,0.16013,GBPJPY,0.24716,EURGBP,0.24232,EURGBP,0.21822,CADJPY,0.40825,AUDUSD,0.07114,EURNZD,0.14382,GBPAUD,0.28721,EURAUD,0.32733,USDCAD,0.35635,AUDUSD,0.07711,NZDJPY,0.07143,AUDCAD,0.1005,USDCAD,0.13363,GBPJPY,0.16667
NZDCHF,0.14943,NZDCAD,0.16477,AUDUSD,0.20412,AUDUSD,0.21822,NZDJPY,0.21822,GBPAUD,0.11613,EURCHF,0.14382,CADCHF,0.20412,USDCHF,0.32733,CADJPY,0.40825,EURCHF,0.13497,EURCAD,0.2018,GBPAUD,0.25,USDJPY,0.18898,AUDCAD,0.10206,NZDJPY,0.12179,AUDCHF,0.2018,EURJPY,0.2,EURGBP,0.21822,NZDJPY,0.21822,EURGBP,0.12361,NZDCHF,0.10985,EURJPY,0.25,CADJPY,0.20045,USDCHF,0.35635,EURCHF,0.10123,CADCHF,0.13363,AUDJPY,0.1005,USDCAD,0.13363,EURCAD,0.21822,GBPJPY,0.12039,AUDCAD,0.14382,AUDJPY,0.12309,GBPUSD,0.16667,EURCAD,0.21822,EURAUD,0.08006,AUDNZD,0.12585,AUDCAD,0.1005,CHFJPY,0.19643,EURAUD,0.2,CADJPY,0.14368,GBPJPY,0.08183,GBPAUD,0.12309,CADCHF,0.19643,EURAUD,0.2,EURNZD,0.12361,GBPUSD,0.12016,AUDNZD,0.19192,EURNZD,0.19643,USDJPY,0.25,EURJPY,0.07114,AUDCAD,0.12585,EURNZD,0.12309,EURAUD,0.11111,USDCAD,0.21822,AUDCAD,0.08006,CADCHF,0.12585,USDCAD,0.11547,NZDCAD,0.19643,NZDUSD,0.25,AUDCHF,0.12157,EURCHF,0.14382,USDJPY,0.19192,CADJPY,0.19643,NZDUSD,0.25,CHFJPY,0.06621,CHFJPY,0.14833,GBPAUD,0.16667,AUDCHF,0.19643,USDCAD,0.21822,CADJPY,0.10895,EURCHF,0.16477,AUDNZD,0.21212,GBPAUD,0.32733,USDCAD,0.21822,GBPCHF,0.12,EURGBP,0.17216,AUDCHF,0.20412,NZDCHF,0.32733,USDCHF,0.25,EURNZD,0.08058,USDCAD,0.14434,EURGBP,0.25678,GBPUSD,0.21822,EURJPY,0.35635,AUDCAD,0.11613,GBPJPY,0.11111,NZDCHF,0.1005,AUDNZD,0.19643,NZDCAD,0.16667,EURAUD,0.12179,GBPJPY,0.13608,CADJPY,0.1005,EURUSD,0.16667,CADCHF,0.2,USDCHF,0.07114,AUDUSD,0.13608,NZDJPY,0.12309,CHFJPY,0.18898,AUDJPY,0.16667,GBPUSD,0.16013,EURCHF,0.2018,AUDUSD,0.20412,CADJPY,0.19643,NZDUSD,0.25,NZDCHF,0.10123,GBPUSD,0.13363,AUDCAD,0.21212,NZDJPY,0.21822,NZDCHF,0.16667,GBPAUD,0.08058,EURJPY,0.10985,CADJPY,0.1005,USDJPY,0.21822,EURJPY,0.25,USDCAD,0.08006,AUDJPY,0.12585,EURJPY,0.1005,AUDCHF,0.19643,CADCHF,0.2,EURAUD,0.16013,AUDJPY,0.22172,USDJPY,0.21212,NZDUSD,0.21822,GBPJPY,0.25,CADJPY,0.06204,USDJPY,0.14382,EURGBP,0.24232,GBPAUD,0.32733,GBPCAD,0.35635,CADJPY,0.07462,GBPCHF,0.07143,NZDJPY,0.1005,GBPCAD,0.09449,EURGBP,0.16667
EURCHF,0.14943,GBPCAD,0.16477,EURGBP,0.17118,EURUSD,0.16667,CADJPY,0.21822,AUDCHF,0.08006,EURCAD,0.13363,AUDCHF,0.20412,AUDCHF,0.32733,GBPCAD,0.35635,GBPJPY,0.12721,USDCHF,0.16477,USDCAD,0.2357,NZDCHF,0.18898,EURNZD,0.10206,EURUSD,0.11859,AUDUSD,0.2,AUDCHF,0.2,NZDUSD,0.21822,CADJPY,0.21822,CHFJPY,0.12361,EURCHF,0.10985,AUDUSD,0.25,EURJPY,0.20045,NZDUSD,0.35635,AUDCHF,0.08058,EURGBP,0.06917,EURAUD,0.1005,GBPCAD,0.09449,NZDCAD,0.08909,EURCAD,0.12039,AUDCHF,0.14382,EURAUD,0.12309,EURUSD,0.11111,EURJPY,0.08909,AUDNZD,0.08006,GBPAUD,0.09449,AUDJPY,0.1005,GBPCHF,0.19643,EURCAD,0.2,AUDNZD,0.12581,USDJPY,0.07143,AUDUSD,0.1005,GBPCAD,0.18898,NZDJPY,0.2,AUDCHF,0.12361,NZDCHF,0.10702,NZDCHF,0.19192,EURJPY,0.19643,EURGBP,0.25,NZDCAD,0.07114,GBPUSD,0.07143,CADJPY,0.1005,GBPAUD,0.11111,GBPCAD,0.21822,NZDJPY,0.08006,EURNZD,0.12585,NZDCHF,0.1005,AUDCAD,0.19643,AUDUSD,0.25,USDCAD,0.12157,AUDNZD,0.14382,EURGBP,0.17911,AUDNZD,0.19643,AUDUSD,0.25,GBPCHF,0.0412,USDJPY,0.12016,NZDCHF,0.12309,AUDCAD,0.19643,GBPCAD,0.21822,EURGBP,0.10417,AUDCHF,0.16477,EURCHF,0.21212,AUDJPY,0.21822,GBPCAD,0.21822,AUDCHF,0.12,USDCHF,0.16477,AUDUSD,0.20412,GBPCAD,0.28868,NZDUSD,0.25,CHFJPY,0.05313,USDCHF,0.14434,AUDCHF,0.20412,AUDJPY,0.21822,GBPAUD,0.35635,CHFJPY,0.11289,EURAUD,0.10985,GBPUSD,0.1005,CADCHF,0.19643,AUDCAD,0.16667,USDCHF,0.11613,USDCHF,0.13608,EURJPY,0.1005,EURAUD,0.16667,EURCHF,0.2,CHFJPY,0.06118,EURCAD,0.13608,EURCHF,0.12309,GBPCHF,0.18898,EURNZD,0.16667,EURGBP,0.12361,AUDUSD,0.2,CADJPY,0.20412,AUDNZD,0.19643,AUDUSD,0.25,GBPJPY,0.09054,CHFJPY,0.06917,GBPCHF,0.21212,EURNZD,0.21822,CHFJPY,0.16667,AUDCAD,0.08006,GBPJPY,0.10985,AUDCHF,0.1005,GBPJPY,0.16667,AUDJPY,0.25,GBPJPY,0.07711,GBPAUD,0.09449,CADJPY,0.1005,EURCHF,0.19643,EURCHF,0.2,EURGBP,0.12361,NZDCHF,0.22172,NZDJPY,0.21212,GBPAUD,0.21822,EURGBP,0.25,NZDCAD,0.05519,GBPJPY,0.10985,AUDNZD,0.21212,GBPUSD,0.32733,EURJPY,0.25,CADCHF,0.04167,EURNZD,0.07143,AUDJPY,0.1005,NZDCAD,0.07143,NZDCHF,0.16667
EURCAD,0.13497,AUDUSD,0.13608,GBPJPY,0.16667,GBPJPY,0.16667,EURCHF,0.21822,EURNZD,0.08006,GBPCAD,0.12585,EURCAD,0.20412,CADCHF,0.32733,NZDCAD,0.25,AUDCHF,0.12039,CADCHF,0.14382,AUDUSD,0.20412,EURNZD,0.18898,GBPAUD,0.10206,USDCHF,0.11613,USDCHF,0.13608,CADCHF,0.2,NZDCHF,0.19643,EURCHF,0.21822,EURCHF,0.12157,EURGBP,0.08472,CADJPY,0.25,USDCHF,0.20045,USDJPY,0.35635,AUDUSD,0.07114,CHFJPY,0.06917,USDJPY,0.1005,AUDCHF,0.07143,AUDJPY,0.08909,AUDCHF,0.12,EURAUD,0.14382,GBPCHF,0.12309,GBPJPY,0.11111,EURNZD,0.08909,GBPUSD,0.08006,EURJPY,0.08183,EURAUD,0.1005,GBPCAD,0.09449,EURCHF,0.2,EURCHF,0.10123,GBPUSD,0.07143,AUDCHF,0.1005,EURNZD,0.07143,EURCHF,0.2,EURCAD,0.10417,GBPCAD,0.10702,GBPCHF,0.19192,AUDNZD,0.19643,GBPUSD,0.16667,USDCHF,0.07114,NZDJPY,0.07143,AUDCHF,0.1005,EURGBP,0.11111,EURCAD,0.2,EURAUD,0.08006,EURCHF,0.08597,GBPCHF,0.1005,GBPCHF,0.19643,USDJPY,0.25,GBPCHF,0.12157,NZDUSD,0.13363,GBPJPY,0.12309,AUDCHF,0.19643,USDJPY,0.25,AUDJPY,0.0412,EURNZD,0.12016,GBPCHF,0.12309,NZDJPY,0.19643,EURCAD,0.2,CHFJPY,0.10417,AUDJPY,0.16477,GBPUSD,0.19192,NZDUSD,0.21822,EURCAD,0.2,NZDUSD,0.12,EURNZD,0.14382,EURJPY,0.20412,EURCAD,0.21822,AUDUSD,0.25,EURGBP,0.05313,AUDUSD,0.14142,CADCHF,0.20412,USDCAD,0.20045,USDCHF,0.35635,NZDCAD,0.10714,AUDCHF,0.10985,CHFJPY,0.1005,GBPCHF,0.19643,EURGBP,0.16667,EURCHF,0.0876,USDCAD,0.13608,EURCAD,0.1005,EURGBP,0.16667,NZDJPY,0.2,EURCHF,0.05366,EURAUD,0.10985,NZDCHF,0.12309,NZDCHF,0.09449,USDCHF,0.16667,EURCAD,0.12039,NZDUSD,0.2,AUDCHF,0.20412,AUDCHF,0.19643,USDJPY,0.25,AUDUSD,0.09054,GBPCAD,0.06727,NZDCAD,0.21212,NZDUSD,0.16667,NZDCAD,0.16667,EURGBP,0.0412,NZDCAD,0.08597,AUDUSD,0.1005,GBPAUD,0.16667,NZDCAD,0.25,EURCHF,0.07462,EURJPY,0.08183,CADCHF,0.1005,EURJPY,0.19643,EURCAD,0.2,AUDJPY,0.12,EURUSD,0.22172,AUDCAD,0.21212,EURJPY,0.19643,NZDUSD,0.25,GBPAUD,0.05519,EURJPY,0.10985,NZDCHF,0.21212,EURGBP,0.21822,USDCHF,0.25,EURAUD,0.04167,USDCHF,0.05455,EURAUD,0.1005,AUDCAD,0.07143,AUDCHF,0.16667
AUDCHF,0.12157,USDCAD,0.11111,EURNZD,0.16667,EURGBP,0.11111,EURCAD,0.21822,GBPCHF,0.08006,EURAUD,0.12585,EURGBP,0.17118,NZDCHF,0.21822,CHFJPY,0.25,GBPAUD,0.09054,EURNZD,0.14382,EURCAD,0.20412,GBPCAD,0.1,GBPCHF,0.10206,GBPCHF,0.08006,EURJPY,0.13608,AUDUSD,0.2,CADCHF,0.19643,EURCAD,0.21822,CADJPY,0.12157,CADCHF,0.08183,CHFJPY,0.20101,EURCHF,0.20045,CADCHF,0.21822,NZDCAD,0.05519,NZDCHF,0.06727,GBPUSD,0.1005,NZDCHF,0.07143,EURNZD,0.08909,USDJPY,0.12,AUDUSD,0.13363,USDCHF,0.12309,GBPAUD,0.11111,AUDJPY,0.08909,CHFJPY,0.0412,USDCAD,0.08183,USDCHF,0.1005,AUDCHF,0.07143,CADCHF,0.2,GBPCHF,0.08058,CADCHF,0.0625,CADJPY,0.1005,USDCHF,0.07143,CADJPY,0.2,EURGBP,0.10357,NZDUSD,0.06917,USDJPY,0.19192,NZDCHF,0.19643,GBPCHF,0.16667,EURCHF,0.05366,USDJPY,0.07143,AUDUSD,0.1005,USDCAD,0.06804,NZDJPY,0.2,AUDNZD,0.08006,NZDCAD,0.08597,CHFJPY,0.1005,NZDJPY,0.07143,CHFJPY,0.16667,EURNZD,0.12157,EURCAD,0.13363,NZDUSD,0.12309,AUDUSD,0.19643,CHFJPY,0.16667,USDCAD,0.0412,GBPUSD,0.12016,EURCHF,0.08206,EURCHF,0.19643,NZDJPY,0.2,NZDCAD,0.09054,CADJPY,0.13608,NZDCHF,0.19192,USDCAD,0.20045,NZDJPY,0.2,USDCAD,0.12,GBPUSD,0.12585,EURCAD,0.20412,EURJPY,0.21822,USDJPY,0.25,CADCHF,0.04516,AUDCAD,0.09513,EURNZD,0.16667,EURNZD,0.19643,GBPUSD,0.35635,GBPAUD,0.10714,NZDCHF,0.10985,EURCHF,0.1005,USDCAD,0.13363,GBPJPY,0.16667,AUDCHF,0.08006,GBPUSD,0.13363,CADCHF,0.1005,GBPUSD,0.11111,CADJPY,0.2,EURNZD,0.04013,CHFJPY,0.08472,AUDNZD,0.12309,AUDCHF,0.09449,NZDCHF,0.16667,GBPCHF,0.12,NZDJPY,0.13363,NZDJPY,0.12309,AUDUSD,0.19643,CHFJPY,0.16667,GBPCHF,0.08058,EURAUD,0.06727,AUDJPY,0.19192,AUDJPY,0.16667,GBPAUD,0.16667,CHFJPY,0.0412,AUDCAD,0.08597,GBPJPY,0.08206,EURAUD,0.11111,AUDCAD,0.16667,NZDCHF,0.07462,GBPCHF,0.07143,AUDCHF,0.1005,NZDJPY,0.07143,EURAUD,0.2,NZDUSD,0.12,EURGBP,0.17216,NZDCAD,0.21212,CADJPY,0.19643,AUDUSD,0.25,USDCHF,0.05519,CHFJPY,0.10702,CHFJPY,0.19192,GBPJPY,0.21822,GBPUSD,0.25,NZDJPY,0.04167,GBPJPY,0.05455,USDCHF,0.1005,CADJPY,0.07143,GBPCHF,0.16667
EURNZD,0.12157,AUDNZD,0.10985,GBPUSD,0.12309,GBPUSD,0.11111,CADCHF,0.21822,USDCAD,0.08006,AUDCHF,0.12585,GBPUSD,0.12309,EURNZD,0.21822,AUDCHF,0.25,EURUSD,0.08353,GBPUSD,0.12585,CADCHF,0.20412,AUDCAD,0.09449,GBPJPY,0.10206,EURNZD,0.08006,CADCHF,0.13363,USDCAD,0.11547,EURCHF,0.19643,CADCHF,0.21822,GBPCHF,0.12,GBPUSD,0.08183,NZDCAD,0.20101,AUDUSD,0.20045,EURCAD,0.21822,USDCHF,0.05519,EURCHF,0.06727,NZDCHF,0.1005,AUDUSD,0.07143,USDCHF,0.08909,EURNZD,0.12,EURCAD,0.13363,NZDCHF,0.12309,AUDJPY,0.11111,AUDCAD,0.08909,CADJPY,0.04052,USDCHF,0.08183,GBPUSD,0.1005,NZDCHF,0.07143,NZDUSD,0.0,NZDUSD,0.08058,EURNZD,0.0625,CADCHF,0.1005,NZDCHF,0.07143,USDJPY,0.0,EURAUD,0.07258,CADJPY,0.06917,EURGBP,0.17911,GBPCHF,0.19643,EURJPY,0.16667,EURCAD,0.0467,CADCHF,0.0625,EURJPY,0.1005,NZDCHF,0.05455,CADJPY,0.2,GBPUSD,0.08006,CADJPY,0.06727,EURAUD,0.1005,CADJPY,0.07143,GBPJPY,0.16667,NZDCHF,0.09688,AUDUSD,0.13363,AUDCHF,0.1005,USDJPY,0.19643,GBPJPY,0.16667,USDJPY,0.0412,AUDNZD,0.10702,AUDJPY,0.08206,GBPCAD,0.09449,CADJPY,0.2,CADCHF,0.08353,AUDCAD,0.10985,GBPCHF,0.19192,EURNZD,0.19643,CADJPY,0.2,USDCHF,0.08058,GBPCHF,0.12585,EURNZD,0.16667,USDCHF,0.21822,NZDCHF,0.16667,GBPUSD,0.03548,EURNZD,0.09449,GBPUSD,0.12309,AUDCAD,0.19643,USDJPY,0.35635,CADJPY,0.10123,AUDJPY,0.10985,EURAUD,0.1005,GBPCAD,0.09449,CHFJPY,0.16667,GBPCAD,0.08006,USDJPY,0.13363,NZDUSD,0.08206,AUDJPY,0.11111,EURAUD,0.2,AUDJPY,0.04013,EURNZD,0.05455,CHFJPY,0.08206,AUDUSD,0.09449,AUDCHF,0.16667,AUDCHF,0.12,EURGBP,0.06917,NZDCHF,0.12309,USDJPY,0.19643,GBPJPY,0.16667,EURCAD,0.07114,NZDCAD,0.06727,EURCHF,0.19192,EURAUD,0.16667,EURJPY,0.16667,CADJPY,0.04052,AUDJPY,0.08597,USDCAD,0.05803,AUDJPY,0.11111,USDCHF,0.16667,EURGBP,0.07258,EURNZD,0.07143,EURNZD,0.08206,NZDCAD,0.07143,CADJPY,0.2,GBPCAD,0.12,EURNZD,0.14382,AUDNZD,0.21212,AUDCAD,0.19643,AUDCAD,0.25,GBPUSD,0.04516,EURUSD,0.08597,EURAUD,0.19192,NZDUSD,0.21822,AUDJPY,0.25,EURUSD,0.03846,GBPCAD,0.00899,NZDCHF,0.1005,AUDNZD,0.07143,NZDUSD,0.16667
USDCAD,0.12157,EURCHF,0.10985,EURCHF,0.08206,NZDUSD,0.11111,NZDCAD,0.08909,AUDUSD,0.07711,EURNZD,0.07143,NZDCHF,0.12309,GBPCHF,0.21822,NZDCHF,0.25,AUDCAD,0.07711,GBPCHF,0.12585,EURNZD,0.16667,NZDCAD,0.09449,GBPUSD,0.10206,AUDUSD,0.07711,GBPCHF,0.13363,GBPUSD,0.1005,EURCAD,0.19643,NZDCAD,0.08909,AUDJPY,0.12,USDJPY,0.08183,USDJPY,0.20101,EURCAD,0.13363,EURCHF,0.21822,AUDNZD,0.04516,AUDJPY,0.06727,CHFJPY,0.1005,EURCAD,0.07143,GBPJPY,0.08909,NZDCAD,0.08058,NZDCAD,0.12585,USDJPY,0.08206,EURAUD,0.11111,USDCHF,0.08909,EURCAD,0.04013,GBPUSD,0.07143,NZDCHF,0.1005,EURCHF,0.07143,USDJPY,0.0,EURNZD,0.08058,USDCHF,0.05455,NZDUSD,0.08206,AUDCHF,0.07143,AUDJPY,0.0,AUDCAD,0.07258,AUDUSD,0.06917,USDCAD,0.17408,USDJPY,0.19643,NZDUSD,0.16667,AUDUSD,0.0467,USDCAD,0.05455,EURCAD,0.1005,AUDCHF,0.05455,EURAUD,0.2,CADJPY,0.04052,AUDUSD,0.06727,AUDJPY,0.1005,EURNZD,0.07143,GBPAUD,0.16667,AUDNZD,0.0876,AUDCHF,0.12585,CADCHF,0.1005,USDCAD,0.13363,GBPAUD,0.16667,NZDCAD,0.02988,GBPJPY,0.08472,NZDJPY,0.08206,EURNZD,0.07143,EURAUD,0.2,EURJPY,0.07114,CHFJPY,0.08472,NZDCAD,0.19192,NZDCAD,0.19643,EURAUD,0.2,AUDCAD,0.08006,EURJPY,0.10985,GBPCAD,0.16667,AUDCHF,0.21822,AUDCHF,0.16667,EURAUD,0.03548,CADCHF,0.09449,EURAUD,0.12309,AUDUSD,0.19643,CADCHF,0.21822,NZDUSD,0.08058,CHFJPY,0.08472,AUDJPY,0.1005,EURJPY,0.07143,GBPCHF,0.16667,GBPCHF,0.08006,GBPCAD,0.06727,GBPJPY,0.08206,USDCAD,0.06804,AUDJPY,0.0,USDCAD,0.04013,USDJPY,0.05455,EURAUD,0.08206,EURNZD,0.09449,CHFJPY,0.16667,USDCHF,0.08058,NZDCHF,0.06727,CHFJPY,0.12309,USDCAD,0.13363,GBPAUD,0.16667,EURAUD,0.04516,AUDCAD,0.06727,EURAUD,0.19192,GBPJPY,0.11111,AUDCHF,0.16667,USDCAD,0.04,NZDUSD,0.06727,NZDCAD,0.0101,EURGBP,0.11111,EURGBP,0.16667,CHFJPY,0.07258,NZDJPY,0.07143,NZDCAD,0.0101,EURNZD,0.07143,NZDJPY,0.2,GBPAUD,0.08058,CADCHF,0.14382,GBPUSD,0.19192,USDCHF,0.19643,AUDJPY,0.16667,CADCHF,0.04516,NZDCHF,0.08597,USDJPY,0.19192,EURUSD,0.21822,USDJPY,0.25,AUDCAD,0.03846,NZDCHF,0.00899,EURCHF,0.1005,AUDCHF,0.07143,AUDUSD,0.16667
AUDJPY,0.12157,EURUSD,0.10985,GBPCHF,0.08206,USDCAD,0.06804,USDCHF,0.08909,NZDCHF,0.07462,CADCHF,0.0625,GBPCHF,0.12309,AUDUSD,0.21822,GBPUSD,0.25,EURJPY,0.07114,GBPJPY,0.10985,AUDCAD,0.12309,USDCHF,0.09449,NZDCHF,0.10206,GBPJPY,0.07711,GBPUSD,0.13363,NZDCHF,0.1005,EURNZD,0.19643,USDCHF,0.08909,NZDUSD,0.12,NZDJPY,0.08183,NZDJPY,0.20101,CADCHF,0.13363,CADJPY,0.21822,GBPUSD,0.03548,EURUSD,0.06727,USDCHF,0.1005,EURNZD,0.07143,NZDCHF,0.08909,NZDJPY,0.08006,AUDNZD,0.12585,AUDCAD,0.08206,USDCAD,0.06804,GBPAUD,0.08909,GBPCAD,0.04,GBPCHF,0.07143,CHFJPY,0.1005,EURNZD,0.07143,GBPCHF,0.0,AUDJPY,0.08058,USDCAD,0.05455,GBPCAD,0.08206,CHFJPY,0.07143,EURNZD,0.0,AUDNZD,0.07258,GBPJPY,0.05648,GBPJPY,0.12309,GBPCAD,0.09449,AUDUSD,0.16667,AUDCHF,0.04013,EURJPY,0.05455,CADCHF,0.1005,EURCAD,0.05455,EURCHF,0.2,EURCHF,0.04052,NZDUSD,0.06727,NZDJPY,0.1005,CHFJPY,0.07143,EURJPY,0.16667,CHFJPY,0.08515,EURAUD,0.12585,AUDUSD,0.1005,NZDCHF,0.07143,EURJPY,0.16667,USDCHF,0.02988,USDCAD,0.08472,AUDCAD,0.08206,NZDCAD,0.07143,EURCHF,0.2,AUDCHF,0.04013,EURNZD,0.08183,USDCAD,0.17408,AUDCAD,0.19643,EURCHF,0.2,AUDNZD,0.08006,USDCAD,0.10985,NZDCAD,0.12309,EURCHF,0.21822,CHFJPY,0.16667,EURUSD,0.03548,GBPUSD,0.09449,AUDCAD,0.12309,EURCAD,0.19643,EURCAD,0.21822,USDCAD,0.08058,CADCHF,0.08183,NZDJPY,0.1005,CHFJPY,0.07143,AUDUSD,0.16667,AUDJPY,0.08006,AUDJPY,0.06727,GBPCAD,0.08206,NZDJPY,0.05455,USDCHF,0.0,GBPJPY,0.03382,NZDJPY,0.05455,AUDJPY,0.08206,CADJPY,0.09449,GBPCHF,0.16667,CHFJPY,0.0412,EURAUD,0.06727,NZDCAD,0.12309,NZDCHF,0.07143,EURJPY,0.16667,AUDNZD,0.04516,AUDJPY,0.06727,GBPJPY,0.12309,GBPAUD,0.11111,EURNZD,0.16667,AUDCHF,0.04,EURAUD,0.04977,AUDCAD,0.0101,NZDUSD,0.11111,GBPJPY,0.16667,CADCHF,0.04167,CADCHF,0.0625,AUDCAD,0.0101,AUDNZD,0.07143,CHFJPY,0.0,GBPUSD,0.08006,AUDCAD,0.08597,EURUSD,0.19192,CHFJPY,0.19643,USDCHF,0.16667,AUDCAD,0.04516,AUDCHF,0.08597,GBPJPY,0.12309,EURJPY,0.19643,CHFJPY,0.25,NZDCAD,0.03548,AUDCHF,0.00899,GBPCHF,0.1005,GBPCHF,0.07143,USDJPY,0.16667
AUDCAD,0.0876,GBPUSD,0.05455,USDJPY,0.08206,EURCAD,0.05455,GBPJPY,0.08909,EURCHF,0.07462,GBPCHF,0.0625,AUDCAD,0.12309,AUDNZD,0.21822,AUDCAD,0.25,NZDCHF,0.05366,EURGBP,0.10702,NZDCAD,0.12309,EURCAD,0.09449,AUDCHF,0.10206,NZDCHF,0.07462,GBPCAD,0.06727,USDJPY,0.1005,NZDJPY,0.19643,GBPJPY,0.08909,USDJPY,0.12,EURNZD,0.05455,GBPJPY,0.15309,CHFJPY,0.13363,NZDJPY,0.21822,NZDJPY,0.03548,NZDCAD,0.06727,GBPCAD,0.0,CADJPY,0.07143,AUDCHF,0.08909,AUDNZD,0.08006,NZDCHF,0.12585,EURCHF,0.08206,CADJPY,0.05455,GBPJPY,0.08909,EURNZD,0.04,EURNZD,0.07143,EURCHF,0.1005,USDJPY,0.07143,GBPUSD,0.0,USDCAD,0.08058,GBPAUD,0.04725,AUDJPY,0.0101,EURCHF,0.07143,AUDUSD,0.0,GBPCHF,0.0412,EURJPY,0.05648,GBPCAD,0.12309,AUDCHF,0.07143,AUDJPY,0.16667,USDCAD,0.04013,GBPAUD,0.04725,GBPAUD,0.08206,CADCHF,0.05455,CADCHF,0.2,AUDUSD,0.04013,NZDCHF,0.04977,USDJPY,0.1005,AUDUSD,0.07143,AUDCAD,0.16667,CADCHF,0.07462,CHFJPY,0.12016,CADJPY,0.1005,CADCHF,0.07143,AUDCAD,0.16667,EURJPY,0.02988,EURCAD,0.06917,NZDCAD,0.08206,CADJPY,0.07143,CADCHF,0.2,GBPCAD,0.04013,NZDJPY,0.05455,NZDUSD,0.12309,GBPCHF,0.19643,CADCHF,0.2,CADCHF,0.08006,GBPAUD,0.09513,USDCHF,0.12309,AUDNZD,0.21822,GBPCHF,0.16667,AUDCAD,0.03548,EURGBP,0.04891,EURUSD,0.12309,GBPCHF,0.19643,EURAUD,0.21822,AUDCHF,0.08058,GBPCHF,0.08183,AUDCAD,0.1005,EURCHF,0.07143,USDJPY,0.16667,USDJPY,0.08006,NZDCAD,0.06727,USDCAD,0.05803,CADJPY,0.05455,EURJPY,0.0,AUDUSD,0.03382,GBPUSD,0.05455,GBPCHF,0.08206,NZDJPY,0.09449,NZDUSD,0.16667,GBPJPY,0.04013,AUDCHF,0.06727,AUDJPY,0.08206,CADCHF,0.07143,AUDCAD,0.16667,NZDJPY,0.03548,AUDNZD,0.06727,AUDCHF,0.1005,CADJPY,0.05455,AUDNZD,0.08909,EURNZD,0.04,AUDNZD,0.04977,NZDJPY,0.0101,USDCAD,0.06804,CHFJPY,0.16667,EURAUD,0.03846,USDJPY,0.0625,NZDJPY,0.0101,NZDCHF,0.07143,GBPJPY,0.0,NZDJPY,0.08006,NZDCAD,0.08597,AUDJPY,0.19192,AUDUSD,0.19643,EURJPY,0.16667,EURAUD,0.03548,EURAUD,0.08597,CADCHF,0.1005,CHFJPY,0.19643,EURGBP,0.16667,GBPAUD,0.03548,EURAUD,0.00899,USDJPY,0.1005,AUDUSD,0.07143,GBPCAD,0.08909
GBPUSD,0.07462,CADCHF,0.05455,AUDCAD,0.08206,CADCHF,0.05455,GBPUSD,0.08909,AUDNZD,0.04167,USDCAD,0.05455,NZDCAD,0.12309,GBPUSD,0.11111,GBPCHF,0.25,AUDUSD,0.0467,EURUSD,0.08597,USDCHF,0.12309,CADCHF,0.09449,AUDUSD,0.10206,GBPUSD,0.04167,NZDCHF,0.06727,NZDJPY,0.1005,USDCHF,0.19643,GBPUSD,0.08909,EURJPY,0.08058,GBPJPY,0.02778,EURGBP,0.10483,NZDJPY,0.13363,GBPUSD,0.08909,EURUSD,0.03548,EURCAD,0.06667,AUDUSD,0.0,USDJPY,0.07143,CHFJPY,0.08909,EURUSD,0.08006,EURCHF,0.12585,GBPJPY,0.04167,AUDCAD,0.05455,NZDCHF,0.08909,GBPCHF,0.04,USDJPY,0.0625,GBPCHF,0.1005,AUDCAD,0.07143,NZDCHF,0.0,GBPJPY,0.07114,CHFJPY,0.01849,USDCHF,0.0101,AUDUSD,0.07143,AUDCHF,0.0,NZDUSD,0.0412,USDCAD,0.05648,AUDCHF,0.1005,CHFJPY,0.07143,AUDCAD,0.16667,AUDJPY,0.04013,AUDJPY,0.00899,GBPCAD,0.08206,EURNZD,0.05455,NZDCHF,0.0,GBPJPY,0.04013,AUDCHF,0.04977,NZDCAD,0.1005,NZDCHF,0.07143,NZDCAD,0.16667,NZDJPY,0.07462,USDJPY,0.07143,EURNZD,0.08206,CHFJPY,0.07143,NZDCAD,0.16667,EURCAD,0.0215,CADJPY,0.06917,EURGBP,0.0428,GBPCHF,0.07143,NZDCHF,0.0,EURNZD,0.04013,EURJPY,0.02778,EURJPY,0.1005,NZDCHF,0.19643,NZDCHF,0.0,EURUSD,0.08006,EURCHF,0.08597,EURAUD,0.12309,GBPUSD,0.11111,EURNZD,0.16667,NZDCAD,0.02597,EURAUD,0.04757,AUDNZD,0.12309,NZDCHF,0.19643,CHFJPY,0.08909,EURNZD,0.08058,EURGBP,0.05648,GBPCHF,0.1005,CADJPY,0.07143,GBPCAD,0.08909,EURGBP,0.07258,AUDNZD,0.06727,EURGBP,0.03161,NZDCAD,0.05455,GBPAUD,0.0,EURCAD,0.03382,USDCAD,0.02778,NZDCAD,0.08206,USDJPY,0.09449,AUDUSD,0.16667,AUDUSD,0.04013,AUDJPY,0.06727,AUDNZD,0.08206,CHFJPY,0.07143,NZDCAD,0.16667,AUDCAD,0.03548,AUDCHF,0.06727,EURJPY,0.1005,AUDCAD,0.05455,GBPCAD,0.08909,AUDJPY,0.04,EURCHF,0.04977,AUDJPY,0.0101,NZDCHF,0.05455,GBPCHF,0.16667,NZDJPY,0.03846,EURGBP,0.01849,AUDJPY,0.0101,CADCHF,0.07143,GBPCHF,0.0,CHFJPY,0.0412,EURCAD,0.06727,GBPCAD,0.12309,USDCAD,0.13363,GBPAUD,0.16667,NZDJPY,0.03548,NZDCAD,0.08597,EURJPY,0.1005,CADJPY,0.19643,GBPAUD,0.16667,CHFJPY,0.0099,EURCHF,0.00899,EURUSD,0.1005,USDJPY,0.07143,USDCAD,0.08909
USDCHF,0.06204,GBPCHF,0.05455,NZDCAD,0.08206,EURCHF,0.05455,GBPCHF,0.08909,CADCHF,0.03846,GBPAUD,0.04725,AUDNZD,0.12309,GBPAUD,0.11111,EURNZD,0.25,GBPCHF,0.04013,NZDUSD,0.06727,GBPUSD,0.12309,EURCHF,0.09449,EURGBP,0.10206,CADCHF,0.03846,NZDCAD,0.06727,AUDCAD,0.1005,USDCAD,0.13363,GBPCHF,0.08909,NZDCAD,0.08058,AUDJPY,0.02746,GBPCAD,0.10206,USDJPY,0.13363,GBPJPY,0.08909,CHFJPY,0.02988,NZDUSD,0.06667,GBPJPY,0.0,NZDJPY,0.07143,GBPCHF,0.08909,CADCHF,0.08006,CHFJPY,0.12016,EURJPY,0.0,EURJPY,0.05455,AUDCHF,0.08909,USDCAD,0.04,CHFJPY,0.01849,USDJPY,0.1005,NZDCAD,0.07143,EURNZD,0.0,NZDJPY,0.03548,NZDCHF,0.00899,GBPUSD,0.0101,USDJPY,0.07143,NZDUSD,0.0,USDJPY,0.0412,AUDCHF,0.03257,EURJPY,0.1005,EURCHF,0.07143,GBPCAD,0.08909,USDJPY,0.04013,GBPCAD,0.00899,USDCAD,0.05803,CADJPY,0.05455,EURNZD,0.0,EURCAD,0.04013,AUDJPY,0.04977,EURCHF,0.1005,AUDCHF,0.07143,EURGBP,0.16667,NZDCAD,0.06204,CADCHF,0.0625,USDCAD,0.05803,EURNZD,0.07143,EURGBP,0.16667,GBPUSD,0.0099,GBPCAD,0.03257,GBPJPY,0.04167,EURCAD,0.07143,EURNZD,0.0,GBPCHF,0.04013,NZDCAD,0.02746,AUDCHF,0.1005,GBPCAD,0.18898,EURNZD,0.0,EURGBP,0.0412,EURAUD,0.08597,EURCHF,0.12309,EURAUD,0.11111,NZDCAD,0.16667,NZDCHF,0.01959,GBPCAD,0.04757,CHFJPY,0.08206,GBPCAD,0.18898,NZDUSD,0.08909,CADCHF,0.04516,EURNZD,0.05455,AUDNZD,0.1005,NZDJPY,0.07143,USDCAD,0.08909,AUDCAD,0.04167,EURCAD,0.06667,GBPUSD,0.0101,USDCHF,0.05455,GBPJPY,0.0,CADJPY,0.02764,GBPJPY,0.02778,GBPJPY,0.04167,AUDNZD,0.09449,USDJPY,0.16667,NZDUSD,0.04,NZDCAD,0.06727,EURAUD,0.08206,EURNZD,0.07143,EURGBP,0.16667,EURJPY,0.02597,CADJPY,0.06667,CADJPY,0.1005,EURJPY,0.05455,NZDJPY,0.0,USDJPY,0.04,NZDCHF,0.04977,EURCHF,0.0101,CHFJPY,0.05455,NZDUSD,0.16667,AUDCAD,0.03846,AUDCHF,0.00899,EURCHF,0.0101,CHFJPY,0.07143,GBPAUD,0.0,CADJPY,0.04052,NZDUSD,0.06727,NZDUSD,0.12309,CADCHF,0.07143,CHFJPY,0.16667,EURJPY,0.02597,EURCAD,0.06727,CADJPY,0.1005,USDJPY,0.19643,GBPJPY,0.16667,GBPJPY,0.00321,AUDJPY,0.00899,AUDNZD,0.1005,GBPJPY,0.05455,EURUSD,0.08909
GBPJPY,0.05366,GBPJPY,0.02778,USDCHF,0.08206,GBPCHF,0.05455,NZDUSD,0.08909,EURUSD,0.03846,EURGBP,0.01849,EURCHF,0.08206,USDCAD,0.06804,AUDUSD,0.16667,EURNZD,0.04013,AUDUSD,0.06727,EURCHF,0.12309,AUDUSD,0.09449,EURCHF,0.0,EURJPY,0.03548,NZDUSD,0.06667,NZDCAD,0.1005,GBPCAD,0.09449,NZDUSD,0.08909,USDCHF,0.08058,AUDCAD,0.02746,NZDUSD,0.10206,NZDCAD,0.13363,GBPAUD,0.08909,NZDCHF,0.01959,AUDUSD,0.06667,EURCAD,0.0,NZDCAD,0.07143,NZDUSD,0.08909,CHFJPY,0.0412,EURJPY,0.08183,EURCAD,0.0,EURCAD,0.05455,GBPCHF,0.08909,USDJPY,0.04,NZDCHF,0.00899,AUDNZD,0.1005,USDCHF,0.07143,AUDCHF,0.0,AUDCAD,0.03548,AUDCAD,0.00899,NZDCHF,0.0101,AUDNZD,0.07143,GBPCHF,0.0,EURJPY,0.02988,EURAUD,0.03257,AUDUSD,0.1005,AUDUSD,0.07143,EURUSD,0.08909,CADJPY,0.02764,AUDNZD,0.00899,AUDJPY,0.0101,EURCHF,0.05455,AUDCHF,0.0,USDCAD,0.04,CHFJPY,0.03257,AUDCHF,0.0,USDJPY,0.07143,USDCAD,0.08909,NZDUSD,0.04052,EURNZD,0.0625,NZDCHF,0.0101,NZDJPY,0.07143,USDCAD,0.08909,NZDJPY,0.0099,AUDJPY,0.03257,GBPCAD,0.04167,NZDCHF,0.07143,AUDCHF,0.0,NZDUSD,0.04013,GBPCAD,0.02746,GBPCAD,0.08206,EURCHF,0.07143,AUDCHF,0.0,EURCAD,0.04013,AUDUSD,0.06727,AUDNZD,0.12309,NZDUSD,0.11111,USDCAD,0.08909,AUDUSD,0.0097,AUDCHF,0.04757,GBPCAD,0.04167,CADCHF,0.07143,AUDUSD,0.08909,EURAUD,0.03548,NZDJPY,0.05455,GBPJPY,0.0,GBPJPY,0.05455,EURUSD,0.08909,EURUSD,0.04167,NZDUSD,0.06667,AUDJPY,0.0101,EURCHF,0.05455,GBPUSD,0.0,NZDCAD,0.0097,AUDJPY,0.02746,NZDUSD,0.04167,GBPJPY,0.0,USDCAD,0.08909,AUDJPY,0.04,AUDNZD,0.06727,USDJPY,0.08206,NZDJPY,0.07143,USDCAD,0.08909,NZDCAD,0.02597,NZDUSD,0.06667,GBPCAD,0.08206,EURCHF,0.05455,CADCHF,0.0,EURJPY,0.0,AUDCHF,0.04977,EURAUD,0.0101,EURNZD,0.05455,AUDUSD,0.16667,GBPAUD,0.03548,NZDCHF,0.00899,EURAUD,0.0101,GBPCHF,0.07143,EURJPY,0.0,NZDCHF,0.04052,GBPCAD,0.04977,CADCHF,0.1005,NZDJPY,0.07143,USDJPY,0.16667,NZDCHF,0.01959,AUDJPY,0.04977,USDCAD,0.05803,USDCAD,0.13363,NZDUSD,0.16667,EURCAD,0.00321,AUDCAD,0.00899,GBPCAD,0.0,EURAUD,0.05455,AUDNZD,0.08909
GBPCHF,0.04052,USDCHF,0.02778,GBPCAD,0.04167,USDJPY,0.05455,USDJPY,0.08909,AUDCAD,0.03846,NZDCHF,0.00899,GBPAUD,0.04167,EURCHF,0.05455,EURJPY,0.16667,USDCAD,0.04013,EURCHF,0.04977,EURUSD,0.08206,GBPUSD,0.0,EURCAD,0.0,NZDCAD,0.03548,EURCAD,0.06667,GBPCHF,0.1005,GBPCHF,0.07143,USDJPY,0.08909,GBPUSD,0.08006,NZDCAD,0.02746,GBPUSD,0.05025,GBPJPY,0.06804,CHFJPY,0.08909,EURNZD,0.0,GBPUSD,0.0,EURNZD,0.0,GBPCHF,0.07143,AUDUSD,0.08909,EURCHF,0.04052,USDCHF,0.08183,CADJPY,0.0,AUDUSD,0.05455,AUDUSD,0.08909,GBPAUD,0.0,GBPCAD,0.00899,GBPAUD,0.0,GBPUSD,0.05455,AUDJPY,0.0,GBPAUD,0.02597,EURCHF,0.00899,CHFJPY,0.0101,GBPUSD,0.05455,CHFJPY,0.0,AUDUSD,0.0215,NZDCAD,0.03257,CADJPY,0.1005,NZDJPY,0.07143,CADCHF,0.0,CHFJPY,0.0215,CADJPY,0.0,NZDJPY,0.0101,NZDJPY,0.05455,AUDJPY,0.0,AUDCHF,0.04,GBPJPY,0.02746,GBPJPY,0.0,EURAUD,0.05455,CADCHF,0.0,AUDJPY,0.04052,NZDJPY,0.0625,CHFJPY,0.0101,AUDCAD,0.07143,CADCHF,0.0,AUDCAD,0.0099,EURCHF,0.03257,EURNZD,0.04167,CADCHF,0.07143,AUDJPY,0.0,GBPAUD,0.0097,EURAUD,0.02746,GBPAUD,0.08206,EURJPY,0.07143,AUDJPY,0.0,EURNZD,0.04,GBPCAD,0.04977,GBPUSD,0.08206,EURUSD,0.11111,EURUSD,0.08909,EURCAD,0.0097,EURUSD,0.04757,NZDUSD,0.04167,AUDCHF,0.07143,AUDCAD,0.08909,EURGBP,0.02988,EURJPY,0.02778,GBPCAD,0.0,GBPAUD,0.05455,AUDNZD,0.08909,AUDNZD,0.04167,CADJPY,0.06667,NZDJPY,0.0101,AUDUSD,0.05455,NZDUSD,0.0,GBPUSD,0.00321,NZDCHF,0.02746,AUDUSD,0.0,NZDUSD,0.0,AUDNZD,0.08909,USDCAD,0.04,EURCAD,0.06667,EURGBP,0.0428,AUDCAD,0.07143,CADCHF,0.0,AUDCHF,0.0,GBPAUD,0.0,GBPAUD,0.08206,AUDCHF,0.05455,CADJPY,0.0,CADCHF,0.0,CHFJPY,0.03257,CHFJPY,0.0101,GBPCHF,0.05455,USDJPY,0.16667,EURJPY,0.03548,EURCHF,0.00899,CHFJPY,0.0101,EURAUD,0.05455,AUDJPY,0.0,EURCAD,0.04013,GBPAUD,0.04757,EURCAD,0.1005,USDJPY,0.07143,USDCAD,0.08909,GBPJPY,0.0097,GBPAUD,0.04757,AUDJPY,0.0101,CADCHF,0.07143,AUDUSD,0.16667,AUDCHF,0.0,EURUSD,0.00899,GBPJPY,0.0,NZDUSD,0.05455,EURCHF,0.0
NZDUSD,0.04052,AUDCAD,0.02746,NZDUSD,0.04167,NZDCAD,0.05455,EURGBP,0.08909,NZDCAD,0.03548,AUDCAD,0.00899,GBPCAD,0.04167,AUDCAD,0.05455,GBPAUD,0.16667,AUDJPY,0.04013,AUDCAD,0.04977,EURGBP,0.0428,USDCAD,0.0,CADJPY,0.0,EURCAD,0.00321,EURNZD,0.0,GBPJPY,0.0,USDJPY,0.07143,EURGBP,0.08909,CADCHF,0.08006,AUDUSD,0.0,CADCHF,0.0,GBPUSD,0.06804,AUDUSD,0.08909,NZDUSD,0.0,EURNZD,0.0,CADJPY,0.0,GBPUSD,0.05455,USDJPY,0.08909,NZDCHF,0.04052,USDJPY,0.07143,AUDCHF,0.0,AUDCHF,0.05455,USDJPY,0.08909,CADCHF,0.0,NZDCAD,0.00899,GBPCAD,0.0,NZDUSD,0.05455,AUDCAD,0.0,NZDCHF,0.01959,AUDUSD,0.0,EURCHF,0.0101,NZDUSD,0.05455,GBPUSD,0.0,CHFJPY,0.01868,AUDNZD,0.03257,CHFJPY,0.0101,AUDCAD,0.07143,EURCHF,0.0,GBPUSD,0.00321,EURCAD,0.0,EURAUD,0.0101,AUDCAD,0.05455,AUDCAD,0.0,EURNZD,0.04,USDCAD,0.02746,NZDUSD,0.0,NZDUSD,0.05455,EURAUD,0.0,USDJPY,0.04052,NZDCHF,0.00899,EURAUD,0.0101,EURAUD,0.05455,EURAUD,0.0,AUDNZD,0.0099,AUDCAD,0.03257,CADCHF,0.0,AUDJPY,0.05455,AUDCAD,0.0,EURAUD,0.00321,NZDCHF,0.02746,EURAUD,0.0101,AUDCHF,0.07143,AUDCAD,0.0,GBPCAD,0.04,EURUSD,0.04977,GBPCHF,0.08206,USDCAD,0.06804,AUDNZD,0.08909,AUDCHF,0.0,AUDNZD,0.04757,EURCAD,0.0,CHFJPY,0.07143,USDCAD,0.04762,EURJPY,0.02597,USDCAD,0.02778,EURJPY,0.0,AUDJPY,0.05455,CADCHF,0.0,CADCHF,0.03846,CADCHF,0.0,USDJPY,0.0101,USDJPY,0.05455,AUDUSD,0.0,CADCHF,0.00321,AUDCHF,0.02746,USDCAD,0.0,EURAUD,0.0,EURAUD,0.0,USDJPY,0.04,EURNZD,0.0,EURNZD,0.04167,EURAUD,0.05455,EURAUD,0.0,USDJPY,0.0,USDCAD,0.0,NZDUSD,0.08206,CHFJPY,0.05455,EURAUD,0.0,EURAUD,0.0,USDCAD,0.02746,NZDCHF,0.0101,NZDJPY,0.05455,USDCAD,0.08909,EURCAD,0.00321,EURAUD,0.00899,GBPCHF,0.0101,GBPAUD,0.05455,AUDCAD,0.0,EURNZD,0.04,CHFJPY,0.03257,GBPAUD,0.08206,AUDNZD,0.07143,EURUSD,0.08909,NZDUSD,0.0,USDCHF,0.02746,NZDJPY,0.0101,NZDJPY,0.07143,EURUSD,0.08909,GBPCAD,0.0,AUDNZD,0.00899,AUDCHF,0.0,AUDJPY,0.05455,EURAUD,0.0
NZDCAD,0.01959,EURCAD,0.0,CADCHF,0.0,USDCHF,0.05455,USDCAD,0.04762,USDCHF,0.03548,NZDCAD,0.00899,EURNZD,0.04167,NZDCAD,0.05455,USDCAD,0.08909,EURCAD,0.03382,NZDCAD,0.04977,GBPCAD,0.04167,EURUSD,0.0,NZDJPY,0.0,USDCAD,0.0,GBPJPY,0.0,GBPCAD,0.0,NZDCAD,0.07143,USDCAD,0.04762,GBPJPY,0.04013,EURCAD,0.0,USDCAD,0.0,EURGBP,0.06804,EURGBP,0.08909,AUDJPY,0.0,USDCAD,0.0,AUDCHF,0.0,GBPJPY,0.05455,EURGBP,0.08909,AUDJPY,0.04,AUDJPY,0.00899,USDCAD,0.0,USDJPY,0.05455,EURGBP,0.08909,EURUSD,0.0,NZDUSD,0.0,AUDCHF,0.0,AUDJPY,0.05455,NZDCAD,0.0,AUDUSD,0.0097,CADJPY,0.0,USDJPY,0.0101,AUDJPY,0.05455,NZDCHF,0.0,NZDCHF,0.00167,USDJPY,0.01849,AUDJPY,0.0101,AUDJPY,0.05455,EURCAD,0.0,CADCHF,0.00321,NZDUSD,0.0,NZDCHF,0.0101,AUDNZD,0.05455,NZDCAD,0.0,AUDJPY,0.04,NZDJPY,0.00899,AUDUSD,0.0,AUDJPY,0.05455,CADJPY,0.0,AUDUSD,0.02764,AUDJPY,0.00899,AUDJPY,0.0101,AUDJPY,0.05455,CADJPY,0.0,NZDCHF,0.00167,CADCHF,0.01849,EURCAD,0.0,GBPJPY,0.05455,NZDCAD,0.0,AUDCAD,0.00321,AUDNZD,0.02746,CHFJPY,0.0101,CHFJPY,0.07143,NZDCAD,0.0,EURAUD,0.0,NZDCAD,0.04977,EURUSD,0.08206,GBPCHF,0.05455,EURCAD,0.0,GBPCAD,0.0,EURCAD,0.0,AUDUSD,0.0,EURAUD,0.05455,EURUSD,0.04762,EURCAD,0.0097,EURCHF,0.02746,EURNZD,0.0,EURUSD,0.05455,EURCAD,0.0,EURJPY,0.03548,EURJPY,0.0,NZDCAD,0.0101,AUDNZD,0.05455,USDJPY,0.0,EURAUD,0.00321,AUDNZD,0.02746,CADJPY,0.0,AUDJPY,0.0,CADJPY,0.0,CADCHF,0.0,CADCHF,0.0,CADCHF,0.0,AUDJPY,0.05455,CADJPY,0.0,USDCAD,0.0,NZDJPY,0.0,CHFJPY,0.0101,AUDNZD,0.05455,EURCHF,0.0,NZDJPY,0.0,USDJPY,0.00899,GBPCHF,0.0101,NZDCAD,0.05455,AUDNZD,0.08909,NZDUSD,0.0,AUDCAD,0.00899,NZDCHF,0.0101,AUDJPY,0.05455,NZDCAD,0.0,USDCAD,0.04,USDCAD,0.02746,USDCAD,0.05803,AUDJPY,0.05455,AUDNZD,0.08909,AUDCHF,0.0,NZDJPY,0.00899,EURUSD,0.0101,USDCHF,0.07143,AUDNZD,0.08909,GBPCHF,0.0,CADJPY,0.0,CADJPY,0.0,EURUSD,0.05455,CADJPY,0.0
CADCHF,0.00649,NZDUSD,0.0,EURCAD,0.0,GBPCAD,0.0,EURUSD,0.04762,EURCAD,0.00321,AUDNZD,0.00899,USDCAD,0.0,GBPCAD,0.0,EURCHF,0.0,NZDJPY,0.00321,USDCAD,0.02746,NZDUSD,0.04167,EURGBP,0.0,CADCHF,0.0,GBPCAD,0.0,USDCAD,0.0,EURNZD,0.0,GBPJPY,0.05455,EURUSD,0.04762,EURCAD,0.04013,CADJPY,0.0,EURCAD,0.0,GBPCAD,0.0,GBPCAD,0.04762,USDCAD,0.0,USDCHF,0.0,NZDUSD,0.0,EURUSD,0.05455,USDCAD,0.04762,EURJPY,0.0,EURUSD,0.00899,AUDUSD,0.0,USDCHF,0.05455,USDCAD,0.04762,USDCHF,0.0,AUDUSD,0.0,NZDUSD,0.0,EURUSD,0.05455,USDCHF,0.0,USDJPY,0.0,NZDUSD,0.0,AUDNZD,0.0101,EURUSD,0.05455,USDCHF,0.0,CADJPY,0.00167,CHFJPY,0.00478,NZDJPY,0.0101,EURGBP,0.05455,EURAUD,0.0,AUDCAD,0.00321,AUDUSD,0.0,AUDNZD,0.0101,GBPCAD,0.0,EURJPY,0.0,NZDCAD,0.0,USDJPY,0.00899,CADJPY,0.0,GBPJPY,0.05455,NZDJPY,0.0,GBPJPY,0.02764,NZDCAD,0.00899,NZDJPY,0.0101,EURGBP,0.05455,NZDJPY,0.0,EURCHF,0.00167,GBPCHF,0.01849,CADJPY,0.0,EURGBP,0.05455,EURJPY,0.0,AUDNZD,0.00321,GBPAUD,0.0,AUDCAD,0.0101,EURAUD,0.05455,EURJPY,0.0,NZDCAD,0.0,AUDNZD,0.04977,USDCAD,0.0,NZDCAD,0.05455,EURAUD,0.0,USDCAD,0.0,NZDUSD,0.0,USDCAD,0.0,NZDUSD,0.05455,AUDNZD,0.04762,GBPCHF,0.0,NZDUSD,0.0,CADJPY,0.0,EURGBP,0.05455,EURCHF,0.0,EURCAD,0.00321,NZDJPY,0.0,AUDNZD,0.0101,GBPCAD,0.0,EURGBP,0.0,AUDCAD,0.00321,NZDUSD,0.0,AUDCHF,0.0,USDCAD,0.0,NZDJPY,0.0,AUDNZD,0.0,USDJPY,0.0,USDCAD,0.0,EURGBP,0.05455,NZDJPY,0.0,AUDJPY,0.0,USDJPY,0.0,AUDNZD,0.0101,GBPCAD,0.0,EURCAD,0.0,NZDCAD,0.0,GBPCHF,0.00899,AUDNZD,0.0101,AUDNZD,0.05455,CADCHF,0.0,AUDCHF,0.0,EURCAD,0.0,AUDNZD,0.0101,EURGBP,0.05455,EURGBP,0.0,NZDCAD,0.0,GBPUSD,0.00899,CHFJPY,0.0101,EURUSD,0.05455,CADCHF,0.0,USDCAD,0.0,CADCHF,0.00899,USDCHF,0.0101,AUDJPY,0.05455,CADCHF,0.0,AUDJPY,0.0,AUDUSD,0.0,AUDUSD,0.0,EURGBP,0.05455,NZDJPY,0.0
